年度标识	省份编码	省份名称	商品房销售面积	住宅销售面积	商品房销售额	住宅销售额
1995	120000	天津市	146.5800	135.3400	279895.0000	260364.0000
1995	130000	河北省	207.9100	191.2000	225395.0000	192450.0000
1995	140000	山西省	75.7700	69.7800	72859.0000	62125.0000
1995	150000	内蒙古自治区	56.5800	50.3500	61114.0000	52079.0000
1995	156	中国	7905.9400	6787.0300	12577269.0000	10240705.0000
1995	210000	辽宁省	490.9600	421.2900	788104.0000	609012.0000
1995	220000	吉林省	155.3800	95.4400	171573.0000	114871.0000
1995	230000	黑龙江省	142.4200	115.2600	210940.0000	156295.0000
1995	310000	上海市	567.6600	536.3100	1460100.0000	1328270.0000
1995	320000	江苏省	798.3100	708.8900	1073839.0000	884173.0000
1995	330000	浙江省	866.6400	761.5500	1120812.0000	915227.0000
1995	340000	安徽省	220.4200	182.7200	224062.0000	165417.0000
1995	350000	福建省	350.5000	293.8700	631617.0000	436001.0000
1995	360000	江西省	134.3900	109.8300	96265.0000	76843.0000
1995	370000	山东省	451.1400	386.8200	562667.0000	440836.0000
1995	410000	河南省	659.2900	483.5300	261099.0000	208229.0000
1995	420000	湖北省	240.4900	210.3100	312197.0000	243288.0000
1995	430000	湖南省	143.9100	125.3100	131941.0000	108201.0000
1995	440000	广东省	999.7800	849.8600	2972252.0000	2382801.0000
1995	450000	广西壮族自治区	156.8400	133.9800	158387.0000	133779.0000
1995	460000	海南省	40.5600	31.5100	92035.0000	66200.0000
1995	510000	四川省	371.4700	325.3000	434879.0000	334583.0000
1995	520000	贵州省	52.7500	47.0200	51885.0000	42547.0000
1995	530000	云南省	170.8200	156.7900	226659.0000	201817.0000
1995	610000	陕西省	88.7300	75.1300	124839.0000	87847.0000
1995	620000	甘肃省	45.3500	39.8300	58602.0000	45726.0000
1995	630000	青海省	8.8900	7.0000	9756.0000	7343.0000
1995	640000	宁夏回族自治区	28.1300	24.4800	28819.0000	23139.0000
1995	650000	新疆维吾尔自治区	44.1100	39.6900	59409.0000	52654.0000
1996	110000	北京市	215.3300	183.0800	947281.0000	708415.0000
1996	120000	天津市	129.3900	114.4200	310282.0000	248065.0000
1996	130000	河北省	187.8900	172.0000	228963.0000	202930.0000
1996	140000	山西省	90.8900	82.2800	84440.0000	73001.0000
1996	150000	内蒙古自治区	68.6100	61.6200	65973.0000	56359.0000
1996	156	中国	7900.4100	6898.4600	14271292.0000	11069006.0000
1996	210000	辽宁省	511.9700	437.6000	747950.0000	604115.0000
1996	220000	吉林省	118.9700	95.1400	176172.0000	112641.0000
1996	230000	黑龙江省	187.5800	164.0900	278917.0000	231536.0000
1996	310000	上海市	573.5000	528.5600	1834896.0000	1568972.0000
1996	320000	江苏省	856.1300	753.2600	1235896.0000	1003802.0000
1996	330000	浙江省	932.0100	806.7800	1318508.0000	1035991.0000
1996	340000	安徽省	253.6600	212.4400	255350.0000	183846.0000
1996	350000	福建省	273.5100	234.2800	485863.0000	376129.0000
1996	360000	江西省	158.3100	137.0700	123305.0000	97723.0000
1996	370000	山东省	429.4200	369.3900	498722.0000	409463.0000
1996	410000	河南省	255.8200	215.2900	227539.0000	185548.0000
1996	420000	湖北省	249.4100	214.1300	315379.0000	233707.0000
1996	430000	湖南省	138.1100	120.1400	145907.0000	114465.0000
1996	440000	广东省	1038.1800	859.7100	3561363.0000	2443536.0000
1996	450000	广西壮族自治区	123.6900	108.1700	148816.0000	122078.0000
1996	460000	海南省	15.3000	13.5900	28454.0000	23628.0000
1996	510000	四川省	557.7000	485.7200	638639.0000	500193.0000
1996	520000	贵州省	52.1800	47.2200	47745.0000	40144.0000
1996	530000	云南省	204.0700	190.8900	235086.0000	207662.0000
1996	540000	西藏自治区	2.6700	2.6700	169.0000	169.0000
1996	610000	陕西省	113.9300	109.0900	129792.0000	118626.0000
1996	620000	甘肃省	64.0700	57.6500	76093.0000	66012.0000
1996	630000	青海省	10.3400	10.1200	10468.0000	10376.0000
1996	640000	宁夏回族自治区	41.9000	34.5500	45444.0000	32565.0000
1996	650000	新疆维吾尔自治区	45.8600	41.5100	67878.0000	57309.0000
1997	110000	北京市	290.9000	256.1900	1640894.0000	1403520.0000
1997	120000	天津市	195.5100	180.2400	447650.0000	384518.0000
1997	130000	河北省	182.3400	164.5000	270401.0000	222213.0000
1997	140000	山西省	122.9200	117.2200	129805.0000	118378.0000
1997	150000	内蒙古自治区	77.6900	67.3500	82560.0000	64708.0000
1997	156	中国	9010.1700	7864.3000	17994763.0000	14075553.0000
1997	210000	辽宁省	460.0400	401.7300	755266.0000	609862.0000
1997	220000	吉林省	95.0200	84.1100	123640.0000	101577.0000
1997	230000	黑龙江省	206.9700	171.0600	311823.0000	230920.0000
1997	310000	上海市	685.8500	616.4200	2132216.0000	1720149.0000
1997	320000	江苏省	1069.7500	953.1300	1550463.0000	1288772.0000
1997	330000	浙江省	1016.9700	878.9800	1694450.0000	1276823.0000
1997	340000	安徽省	272.2300	214.3800	307805.0000	206153.0000
1997	350000	福建省	426.8800	346.1400	835005.0000	620442.0000
1997	360000	江西省	136.5100	117.6300	111733.0000	85078.0000
1997	370000	山东省	499.6300	431.3300	638002.0000	505485.0000
1997	410000	河南省	220.4900	201.6500	202561.0000	176872.0000
1997	420000	湖北省	312.9600	259.4000	494961.0000	324714.0000
1997	430000	湖南省	147.9300	131.4900	153309.0000	122089.0000
1997	440000	广东省	1165.9700	1020.5300	4347313.0000	3214506.0000
1997	450000	广西壮族自治区	153.5400	138.5600	181488.0000	151550.0000
1997	460000	海南省	19.2200	13.8000	39235.0000	30154.0000
1997	500000	重庆市	236.7600	199.7300	280430.0000	203111.0000
1997	510000	四川省	462.8800	411.1900	564033.0000	440179.0000
1997	520000	贵州省	65.7000	59.6300	69658.0000	54151.0000
1997	530000	云南省	178.8300	152.0100	234651.0000	187771.0000
1997	540000	西藏自治区	4.1700	4.1700	578.0000	578.0000
1997	610000	陕西省	118.5400	109.5300	158291.0000	141391.0000
1997	620000	甘肃省	83.5200	71.2300	103737.0000	79161.0000
1997	630000	青海省	8.9900	8.2700	10973.0000	9407.0000
1997	640000	宁夏回族自治区	35.8200	30.1800	46372.0000	33636.0000
1997	650000	新疆维吾尔自治区	55.6300	52.5300	75460.0000	67685.0000
1998	110000	北京市	409.2000	376.9900	2143836.0000	1797999.0000
1998	120000	天津市	249.3900	233.4100	580120.0000	529614.0000
1998	130000	河北省	293.8600	272.4700	411690.0000	364213.0000
1998	140000	山西省	124.7400	117.8600	123339.0000	113393.0000
1998	150000	内蒙古自治区	115.2200	99.7200	115494.0000	91430.0000
1998	156	中国	12185.3000	10827.1000	25133027.0000	20068676.0000
1998	210000	辽宁省	664.7500	577.2000	1198862.0000	971718.0000
1998	220000	吉林省	165.9400	143.9800	214569.0000	161814.0000
1998	230000	黑龙江省	301.9900	266.7600	446053.0000	363885.0000
1998	310000	上海市	1141.9100	1056.7700	3988177.0000	3197633.0000
1998	320000	江苏省	1321.4000	1176.5700	2100217.0000	1699631.0000
1998	330000	浙江省	1192.3600	1031.0000	2151768.0000	1644769.0000
1998	340000	安徽省	405.1900	352.8900	453996.0000	351988.0000
1998	350000	福建省	515.2000	441.6700	1050962.0000	787052.0000
1998	360000	江西省	186.4700	153.3300	138757.0000	91695.0000
1998	370000	山东省	698.1300	615.2100	921355.0000	764277.0000
1998	410000	河南省	279.6100	262.9400	273192.0000	247047.0000
1998	420000	湖北省	437.6500	381.6100	705618.0000	469323.0000
1998	430000	湖南省	191.8700	170.7400	193702.0000	155819.0000
1998	440000	广东省	1538.9300	1354.1000	5302203.0000	4163369.0000
1998	450000	广西壮族自治区	175.2100	159.9700	256323.0000	207145.0000
1998	460000	海南省	20.9800	18.7500	34358.0000	30857.0000
1998	500000	重庆市	416.8200	359.7300	554786.0000	417609.0000
1998	510000	四川省	586.5800	528.9100	711498.0000	581473.0000
1998	520000	贵州省	94.9300	85.0300	119806.0000	91889.0000
1998	530000	云南省	233.5600	205.1600	391440.0000	314109.0000
1998	540000	西藏自治区	3.7100	3.6100	3621.0000	3021.0000
1998	610000	陕西省	182.3200	168.0100	235765.0000	201445.0000
1998	620000	甘肃省	77.5600	70.9600	99637.0000	83962.0000
1998	630000	青海省	12.7800	12.3000	16225.0000	15423.0000
1998	640000	宁夏回族自治区	63.7700	53.4900	77272.0000	56271.0000
1998	650000	新疆维吾尔自治区	83.2900	75.9700	118386.0000	98803.0000
1999	110000	北京市	544.4403	484.7144	3074693.0000	2320213.0000
1999	120000	天津市	258.3114	247.8419	581342.0000	534547.0000
1999	130000	河北省	367.1544	345.9845	496307.0000	453050.0000
1999	140000	山西省	116.0030	108.5314	119186.0000	106662.0000
1999	150000	内蒙古自治区	194.6078	157.2563	223156.0000	153888.0000
1999	156	中国	14556.5320	12997.8719	29878734.0000	24137347.0000
1999	210000	辽宁省	770.9590	671.8653	1479449.0000	1178600.0000
1999	220000	吉林省	212.1017	178.5528	304553.0000	220764.0000
1999	230000	黑龙江省	351.3834	294.6888	565495.0000	418443.0000
1999	310000	上海市	1328.6668	1243.3312	4546436.0000	3856431.0000
1999	320000	江苏省	1500.6328	1343.1521	2377231.0000	1963016.0000
1999	330000	浙江省	1324.4303	1155.4508	2526980.0000	1970787.0000
1999	340000	安徽省	445.0784	383.9065	548400.0000	408600.0000
1999	350000	福建省	599.6841	511.6403	1237536.0000	925413.0000
1999	360000	江西省	244.9044	206.0263	200802.0000	150199.0000
1999	370000	山东省	880.4162	779.6792	1183499.0000	978984.0000
1999	410000	河南省	297.1003	275.2836	303687.0000	264134.0000
1999	420000	湖北省	438.1790	401.4826	568045.0000	496618.0000
1999	430000	湖南省	288.6541	264.8335	306722.0000	253571.0000
1999	440000	广东省	1817.7548	1622.3968	5745283.0000	4723407.0000
1999	450000	广西壮族自治区	161.4949	140.8771	244965.0000	178491.0000
1999	460000	海南省	34.9580	33.3728	62872.0000	56323.0000
1999	500000	重庆市	429.9824	364.5607	591992.0000	393569.0000
1999	510000	四川省	725.6587	643.5793	979504.0000	748232.0000
1999	520000	贵州省	137.5519	126.2370	176539.0000	140198.0000
1999	530000	云南省	314.8030	298.4937	519687.0000	468396.0000
1999	540000	西藏自治区	1.3862	.9682	1820.0000	725.0000
1999	610000	陕西省	429.5371	410.2824	447468.0000	407951.0000
1999	620000	甘肃省	105.8046	92.7539	134769.0000	98580.0000
1999	630000	青海省	30.7362	25.7100	44943.0000	32445.0000
1999	640000	宁夏回族自治区	76.6784	63.9772	107690.0000	76806.0000
1999	650000	新疆维吾尔自治区	127.4784	120.4413	177683.0000	158304.0000
2000	110000	北京市	956.8966	898.2150	4707247.0000	4093363.0000
2000	120000	天津市	391.7643	378.3427	912027.0000	860428.0000
2000	130000	河北省	489.4435	443.5245	708819.0000	598658.0000
2000	140000	山西省	190.6378	177.3909	213052.0000	174809.0000
2000	150000	内蒙古自治区	293.8350	239.4602	333670.0000	235743.0000
2000	156	中国	18637.1280	16570.2849	39354423.0000	32286046.0000
2000	210000	辽宁省	948.6664	804.3854	1969468.0000	1514151.0000
2000	220000	吉林省	309.3425	267.4873	435515.0000	347385.0000
2000	230000	黑龙江省	499.8452	424.4271	869447.0000	669929.0000
2000	310000	上海市	1557.8668	1445.8740	5554492.0000	4809654.0000
2000	320000	江苏省	1740.9335	1555.9702	2859863.0000	2375442.0000
2000	330000	浙江省	1502.2313	1308.9800	2925114.0000	2301115.0000
2000	340000	安徽省	535.8632	462.9077	628613.0000	472366.0000
2000	350000	福建省	810.6549	675.7279	1689647.0000	1193865.0000
2000	360000	江西省	286.6853	242.2870	272008.0000	206842.0000
2000	370000	山东省	1078.3752	934.1980	1538824.0000	1254872.0000
2000	410000	河南省	509.2133	438.4129	641788.0000	505119.0000
2000	420000	湖北省	612.0544	571.0392	837368.0000	731015.0000
2000	430000	湖南省	377.7577	343.2842	407772.0000	338900.0000
2000	440000	广东省	2259.9458	2009.3370	7295026.0000	5973630.0000
2000	450000	广西壮族自治区	191.3610	177.8039	277384.0000	245721.0000
2000	460000	海南省	42.1544	39.7235	83450.0000	77705.0000
2000	500000	重庆市	579.9601	491.0868	783709.0000	528698.0000
2000	510000	四川省	945.6368	837.5399	1267444.0000	950444.0000
2000	520000	贵州省	251.7132	228.8339	319315.0000	250815.0000
2000	530000	云南省	343.1587	311.0297	596712.0000	512009.0000
2000	540000	西藏自治区	4.8000	4.8000	5160.0000	5160.0000
2000	610000	陕西省	396.3970	370.6919	496868.0000	448659.0000
2000	620000	甘肃省	123.0109	109.1238	160101.0000	130790.0000
2000	630000	青海省	39.9083	36.8407	49413.0000	41847.0000
2000	640000	宁夏回族自治区	104.4943	90.6105	141306.0000	103746.0000
2000	650000	新疆维吾尔自治区	262.5206	250.9491	373801.0000	333166.0000
2001	110000	北京市	1204.9643	1127.4955	6099114.0000	5317140.0000
2001	120000	天津市	537.4797	514.5915	1276363.0000	1187443.0000
2001	130000	河北省	596.5695	514.5297	872675.0000	684571.0000
2001	140000	山西省	234.8416	211.3696	316691.0000	263914.0000
2001	150000	内蒙古自治区	365.9932	296.3643	452093.0000	303238.0000
2001	156	中国	22411.9021	19938.7458	48627517.0000	40211543.0000
2001	210000	辽宁省	1166.0643	995.0149	2478679.0000	1988550.0000
2001	220000	吉林省	385.1320	337.8449	597880.0000	490070.0000
2001	230000	黑龙江省	594.6410	490.6264	1060725.0000	800169.0000
2001	310000	上海市	1796.6390	1681.4750	6946567.0000	6151664.0000
2001	320000	江苏省	1904.1583	1714.6192	3428649.0000	2854842.0000
2001	330000	浙江省	1801.4546	1544.0368	3693512.0000	2811536.0000
2001	340000	安徽省	679.5776	587.3995	790332.0000	583957.0000
2001	350000	福建省	987.8073	842.9952	1990797.0000	1507545.0000
2001	360000	江西省	436.8232	372.6927	424568.0000	322188.0000
2001	370000	山东省	1403.2536	1238.7495	2044474.0000	1685670.0000
2001	410000	河南省	511.6802	468.7095	632243.0000	549575.0000
2001	420000	湖北省	745.0837	697.1983	1015875.0000	914295.0000
2001	430000	湖南省	440.0713	392.2626	549356.0000	440679.0000
2001	440000	广东省	2275.7853	2048.8410	7520777.0000	6355369.0000
2001	450000	广西壮族自治区	292.3214	270.3525	536611.0000	440155.0000
2001	460000	海南省	59.9352	55.1482	114490.0000	105017.0000
2001	500000	重庆市	746.0503	635.0411	1076534.0000	719196.0000
2001	510000	四川省	1414.6999	1256.3538	1935267.0000	1470925.0000
2001	520000	贵州省	369.3791	332.0006	429951.0000	340724.0000
2001	530000	云南省	314.9100	285.4317	610771.0000	527346.0000
2001	540000	西藏自治区	8.5912	7.8292	14383.0000	11475.0000
2001	610000	陕西省	416.2859	371.1907	653434.0000	518746.0000
2001	620000	甘肃省	141.6960	131.7877	178327.0000	156783.0000
2001	630000	青海省	33.6579	31.8640	40670.0000	35796.0000
2001	640000	宁夏回族自治区	126.4879	103.2598	201895.0000	135147.0000
2001	650000	新疆维吾尔自治区	419.8676	381.6704	643814.0000	537818.0000
2002	110000	北京市	1708.3400	1604.4200	8138380.0000	7166593.0000
2002	120000	天津市	564.0000	538.2600	1402816.0000	1299236.0000
2002	130000	河北省	658.8500	564.8800	990574.0000	749483.0000
2002	140000	山西省	299.0500	261.4300	429088.0000	327539.0000
2002	150000	内蒙古自治区	422.1300	347.4400	530070.0000	361721.0000
2002	156	中国	26808.2855	23702.3148	60323413.0000	49578501.0000
2002	210000	辽宁省	1277.4600	1120.3600	2732993.0000	2231000.0000
2002	220000	吉林省	518.2800	432.6700	862852.0000	648388.0000
2002	230000	黑龙江省	692.4700	574.3300	1248743.0000	918213.0000
2002	310000	上海市	1971.4700	1846.3800	8150324.0000	7398946.0000
2002	320000	江苏省	2321.8500	2074.4700	4469966.0000	3745486.0000
2002	330000	浙江省	2219.3000	1873.9700	5297841.0000	3987251.0000
2002	340000	安徽省	794.8200	681.9000	1025047.0000	798512.0000
2002	350000	福建省	1047.0500	882.9200	2252829.0000	1539548.0000
2002	360000	江西省	562.0900	466.8100	596687.0000	423486.0000
2002	370000	山东省	1695.8400	1482.2300	2721410.0000	2275344.0000
2002	410000	河南省	639.9400	584.7400	882902.0000	755043.0000
2002	420000	湖北省	805.6900	724.6500	1173101.0000	1020504.0000
2002	430000	湖南省	602.2900	518.1800	798501.0000	595908.0000
2002	440000	广东省	2530.8100	2260.0000	8203220.0000	6830099.0000
2002	450000	广西壮族自治区	339.6300	302.2900	654045.0000	496853.0000
2002	460000	海南省	76.7400	71.0300	137325.0000	127624.0000
2002	500000	重庆市	1016.5800	870.4100	1581505.0000	1111929.0000
2002	510000	四川省	1865.9400	1644.4800	2576376.0000	1957252.0000
2002	520000	贵州省	424.8500	378.5100	526138.0000	404183.0000
2002	530000	云南省	400.2200	371.8900	765723.0000	663464.0000
2002	540000	西藏自治区	16.1600	14.6600	25348.0000	22600.0000
2002	610000	陕西省	477.5400	441.4100	741858.0000	653823.0000
2002	620000	甘肃省	165.8300	152.2300	219830.0000	181922.0000
2002	630000	青海省	68.0400	61.1700	87898.0000	71375.0000
2002	640000	宁夏回族自治区	118.3600	98.4900	220736.0000	157019.0000
2002	650000	新疆维吾尔自治区	506.6600	455.6800	879287.0000	658157.0000
2003	110000	北京市	1895.7685	1771.0533	8979571.0000	7891587.0000
2003	120000	天津市	786.4957	720.6404	1980448.0000	1724256.0000
2003	130000	河北省	939.4345	838.0169	1374568.0000	1125134.0000
2003	140000	山西省	359.5970	299.4270	579177.0000	378205.0000
2003	150000	内蒙古自治区	547.9687	433.9660	696144.0000	467570.0000
2003	156	中国	33717.6253	29778.8465	79556627.0000	65434492.0000
2003	210000	辽宁省	1499.0788	1320.2908	3434521.0000	2813999.0000
2003	220000	吉林省	501.1405	436.3248	788764.0000	631448.0000
2003	230000	黑龙江省	814.6447	673.1129	1465500.0000	1091465.0000
2003	310000	上海市	2376.4001	2224.4744	12163398.0000	11098649.0000
2003	320000	江苏省	2721.5735	2364.3161	5979054.0000	4768819.0000
2003	330000	浙江省	2781.8419	2356.7831	7613003.0000	5776372.0000
2003	340000	安徽省	1093.2684	906.3492	1654143.0000	1219565.0000
2003	350000	福建省	1250.1032	1083.7936	2871627.0000	2224564.0000
2003	360000	江西省	865.8299	693.5256	1047243.0000	668583.0000
2003	370000	山东省	2251.5242	2005.0334	3823732.0000	3255188.0000
2003	410000	河南省	862.7149	795.7767	1197375.0000	1025863.0000
2003	420000	湖北省	1073.4754	1015.0363	1616159.0000	1473462.0000
2003	430000	湖南省	848.4713	725.2769	1198667.0000	861836.0000
2003	440000	广东省	3061.3227	2739.6036	9781005.0000	8201276.0000
2003	450000	广西壮族自治区	505.3103	451.6658	951643.0000	767366.0000
2003	460000	海南省	112.6417	108.9534	237092.0000	219783.0000
2003	500000	重庆市	1316.8269	1132.9535	2102260.0000	1499915.0000
2003	510000	四川省	2457.8526	2181.8222	3493680.0000	2681965.0000
2003	520000	贵州省	554.3351	494.4548	727889.0000	564928.0000
2003	530000	云南省	521.9653	480.5185	982134.0000	853008.0000
2003	540000	西藏自治区	10.3157	10.1979	18088.0000	17794.0000
2003	610000	陕西省	580.0471	531.9779	890059.0000	739693.0000
2003	620000	甘肃省	224.7738	208.8741	286528.0000	245323.0000
2003	630000	青海省	83.5083	70.3417	122365.0000	94398.0000
2003	640000	宁夏回族自治区	232.3780	187.8060	434150.0000	284466.0000
2003	650000	新疆维吾尔自治区	587.0166	516.4797	1066640.0000	768012.0000
2004	110000	北京市	2472.0323	2285.8245	12491009.0000	10851129.0000
2004	120000	天津市	847.0342	796.0899	2638180.0000	2348737.0000
2004	130000	河北省	864.8534	787.8817	1388455.0000	1171163.0000
2004	140000	山西省	399.1341	350.2355	719729.0000	551246.0000
2004	150000	内蒙古自治区	653.9550	530.9081	915948.0000	650278.0000
2004	156	中国	38231.6415	33819.8867	103757069.0000	86193667.0000
2004	210000	辽宁省	1748.7770	1578.0987	4218102.0000	3654318.0000
2004	220000	吉林省	401.8787	346.5933	755534.0000	609468.0000
2004	230000	黑龙江省	857.1492	693.7786	1662004.0000	1174228.0000
2004	310000	上海市	3300.8197	3059.5298	19326299.0000	17626596.0000
2004	320000	江苏省	3178.9124	2759.4058	8428602.0000	6671818.0000
2004	330000	浙江省	2794.2504	2369.7250	8685073.0000	6601289.0000
2004	340000	安徽省	1429.2383	1179.6622	2547107.0000	1853336.0000
2004	350000	福建省	1384.8290	1224.6093	3544719.0000	2812572.0000
2004	360000	江西省	1168.8704	986.9235	1352025.0000	998018.0000
2004	370000	山东省	2525.1697	2207.2822	5164698.0000	4162655.0000
2004	410000	河南省	1043.5078	938.1978	1641333.0000	1354109.0000
2004	420000	湖北省	1342.9177	1245.3788	2244914.0000	1991522.0000
2004	430000	湖南省	1188.7942	1030.3510	1795722.0000	1286178.0000
2004	440000	广东省	3346.0228	3008.5869	11649177.0000	9923214.0000
2004	450000	广西壮族自治区	820.3624	749.7943	1708474.0000	1414252.0000
2004	460000	海南省	125.7598	118.2450	302438.0000	281444.0000
2004	500000	重庆市	1317.1222	1138.2630	2326352.0000	1789982.0000
2004	510000	四川省	2101.9791	1839.0229	3304781.0000	2485324.0000
2004	520000	贵州省	554.3351	494.4548	767763.0000	584163.0000
2004	530000	云南省	538.1137	479.5263	1064125.0000	892088.0000
2004	540000	西藏自治区	9.5644	9.5644	26279.0000	26279.0000
2004	610000	陕西省	509.3582	472.9280	881716.0000	755576.0000
2004	620000	甘肃省	261.4714	235.1930	458543.0000	376538.0000
2004	630000	青海省	93.8519	83.6500	148556.0000	118396.0000
2004	640000	宁夏回族自治区	308.2070	267.5524	579551.0000	445577.0000
2004	650000	新疆维吾尔自治区	643.3700	552.6300	1019861.0000	732174.0000
2005	110000	北京市	3123.4247	2823.6529	21202099.0000	17399710.0000
2005	120000	天津市	1408.3735	1264.3849	5710574.0000	5041379.0000
2005	130000	河北省	1408.7428	1322.3216	2623116.0000	2350398.0000
2005	140000	山西省	688.7486	619.8563	1522069.0000	1163065.0000
2005	150000	内蒙古自治区	1078.7988	918.4265	1783491.0000	1287226.0000
2005	156	中国	55486.2247	49587.8310	175761325.0000	145637616.0000
2005	210000	辽宁省	2564.4788	2340.3556	7174340.0000	6205959.0000
2005	220000	吉林省	830.9092	745.9214	1568915.0000	1309503.0000
2005	230000	黑龙江省	1242.8124	1048.2603	2608815.0000	1963185.0000
2005	310000	上海市	3158.8749	2845.6969	21613022.0000	19060478.0000
2005	320000	江苏省	5135.5480	4523.1432	17249062.0000	14227924.0000
2005	330000	浙江省	3305.8402	2824.6482	14148885.0000	11222435.0000
2005	340000	安徽省	1907.2055	1686.0304	4234369.0000	3481041.0000
2005	350000	福建省	1913.8354	1720.5550	6050925.0000	4819032.0000
2005	360000	江西省	1650.1188	1454.5120	2522496.0000	1942900.0000
2005	370000	山东省	3754.9245	3417.7512	9106518.0000	7842466.0000
2005	410000	河南省	1724.8213	1539.6044	3220147.0000	2553706.0000
2005	420000	湖北省	1708.0235	1549.1866	3865693.0000	3351897.0000
2005	430000	湖南省	1842.1563	1611.5960	2993154.0000	2263639.0000
2005	440000	广东省	5038.9097	4546.3150	22386643.0000	18863862.0000
2005	450000	广西壮族自治区	1438.3953	1314.3702	2896410.0000	2398083.0000
2005	460000	海南省	249.4325	233.0764	729458.0000	665496.0000
2005	500000	重庆市	2017.6562	1792.4140	4307679.0000	3406768.0000
2005	510000	四川省	3402.4909	3028.5455	6619495.0000	5111802.0000
2005	520000	贵州省	862.5599	774.7121	1385781.0000	1012982.0000
2005	530000	云南省	1431.8989	1294.9535	3100083.0000	2590989.0000
2005	540000	西藏自治区	25.8995	24.1827	44032.0000	36421.0000
2005	610000	陕西省	892.0090	849.4304	1837192.0000	1639682.0000
2005	620000	甘肃省	493.2073	439.8286	954958.0000	764891.0000
2005	630000	青海省	121.0395	108.4571	221768.0000	182320.0000
2005	640000	宁夏回族自治区	377.8888	319.1585	844726.0000	563186.0000
2005	650000	新疆维吾尔自治区	687.2000	606.4836	1235410.0000	915191.0000
2006	110000	北京市	2607.6178	2205.0296	21589798.0000	16262995.0000
2006	120000	天津市	1458.5984	1332.4916	6962674.0000	6195083.0000
2006	130000	河北省	1817.9434	1692.4231	3838442.0000	3432923.0000
2006	140000	山西省	791.4601	740.7279	1573567.0000	1337406.0000
2006	150000	内蒙古自治区	1428.9714	1250.0996	2588397.0000	2033649.0000
2006	156	中国	61857.0733	55422.9487	208259631.0000	172878070.0000
2006	210000	辽宁省	3006.6134	2730.7384	9240660.0000	7874468.0000
2006	220000	吉林省	974.9103	879.2384	1959171.0000	1634000.0000
2006	230000	黑龙江省	1482.7148	1298.5068	3255377.0000	2642682.0000
2006	310000	上海市	3025.4003	2615.4915	21770781.0000	18410445.0000
2006	320000	江苏省	6101.1488	5317.2013	21916516.0000	17946443.0000
2006	330000	浙江省	3544.9637	3039.5413	16925228.0000	13708688.0000
2006	340000	安徽省	2307.8346	2037.5447	5358529.0000	4386392.0000
2006	350000	福建省	2021.6944	1743.3904	8074571.0000	6373387.0000
2006	360000	江西省	1777.1860	1635.2608	3035420.0000	2601042.0000
2006	370000	山东省	4172.2055	3824.4151	10599499.0000	9178352.0000
2006	410000	河南省	2409.3265	2190.9901	4847188.0000	4037176.0000
2006	420000	湖北省	2038.4631	1915.2966	5209614.0000	4639119.0000
2006	430000	湖南省	2021.6128	1815.0118	3898554.0000	3004122.0000
2006	440000	广东省	5178.5602	4693.3884	25130183.0000	21536158.0000
2006	450000	广西壮族自治区	1502.6081	1372.3957	3298842.0000	2707541.0000
2006	460000	海南省	203.4286	193.7266	770477.0000	723505.0000
2006	500000	重庆市	2228.4585	2011.7030	5056850.0000	4186980.0000
2006	510000	四川省	4100.1500	3738.8884	9311185.0000	7936020.0000
2006	520000	贵州省	880.9469	809.5586	1567931.0000	1281956.0000
2006	530000	云南省	1693.0735	1500.1867	4029805.0000	3286386.0000
2006	540000	西藏自治区	57.0995	42.2781	112855.0000	71317.0000
2006	610000	陕西省	1116.5075	1060.0763	2748085.0000	2435067.0000
2006	620000	甘肃省	515.4846	482.8996	917439.0000	822420.0000
2006	630000	青海省	119.6925	110.9646	229877.0000	204230.0000
2006	640000	宁夏回族自治区	379.9879	337.0199	783940.0000	629982.0000
2006	650000	新疆维吾尔自治区	892.4102	806.4638	1658176.0000	1358136.0000
2007	110000	北京市	2176.5727	1731.4798	25146507.0000	18459730.0000
2007	120000	天津市	1548.5931	1401.8481	8999047.0000	7816306.0000
2007	130000	河北省	2067.7939	1969.1234	5346849.0000	4932672.0000
2007	140000	山西省	913.5482	846.5030	2055126.0000	1737372.0000
2007	150000	内蒙古自治区	2087.6692	1809.7306	4690015.0000	3645747.0000
2007	156	中国	77354.7180	70135.8754	298891189.0000	255658111.0000
2007	210000	辽宁省	3830.4341	3545.5509	13368797.0000	11893975.0000
2007	220000	吉林省	1292.3870	1184.3969	2975676.0000	2595927.0000
2007	230000	黑龙江省	1709.2455	1518.5671	4224086.0000	3575076.0000
2007	310000	上海市	3694.9578	3279.1745	30893542.0000	27063027.0000
2007	320000	江苏省	7598.4830	6772.7134	30579022.0000	25967931.0000
2007	330000	浙江省	4541.9663	3924.9182	26279951.0000	22070890.0000
2007	340000	安徽省	3083.3856	2775.6617	8215277.0000	6952430.0000
2007	350000	福建省	2421.9482	2096.3689	11345234.0000	9383249.0000
2007	360000	江西省	2175.5890	2037.8732	4507574.0000	4072204.0000
2007	370000	山东省	5063.0087	4710.6645	14703692.0000	13186350.0000
2007	410000	河南省	3928.0369	3569.1829	8851551.0000	7428259.0000
2007	420000	湖北省	2538.8981	2381.9082	7751551.0000	6996737.0000
2007	430000	湖南省	2734.4180	2498.8296	6106361.0000	5167484.0000
2007	440000	广东省	6174.5657	5603.8771	36518204.0000	31842004.0000
2007	450000	广西壮族自治区	2016.2338	1855.5035	5118485.0000	4426332.0000
2007	460000	海南省	312.5192	299.5932	1300580.0000	1226707.0000
2007	500000	重庆市	3552.9225	3310.1292	9673125.0000	8567327.0000
2007	510000	四川省	4923.8375	4562.4651	13985898.0000	12559621.0000
2007	520000	贵州省	1071.5673	989.3858	2289658.0000	1879201.0000
2007	530000	云南省	1976.2923	1792.8355	4851759.0000	4115889.0000
2007	540000	西藏自治区	60.7768	59.5958	164348.0000	158663.0000
2007	610000	陕西省	1460.1678	1377.9062	3828563.0000	3427372.0000
2007	620000	甘肃省	592.2720	556.2469	1297396.0000	1193722.0000
2007	630000	青海省	154.5319	147.3356	357123.0000	324986.0000
2007	640000	宁夏回族自治区	507.7571	448.2252	1084672.0000	877496.0000
2007	650000	新疆维吾尔自治区	1144.3388	1078.2814	2381520.0000	2113425.0000
2008	110000	北京市	1335.3700	1031.4300	16583129.0000	12013685.0000
2008	120000	天津市	1252.0400	1135.3500	7531570.0000	6355728.0000
2008	130000	河北省	2231.8400	2128.8600	6202410.0000	5838850.0000
2008	140000	山西省	994.7100	893.1000	2342907.0000	2011783.0000
2008	150000	内蒙古自治区	2396.3700	2093.3400	5950600.0000	4741826.0000
2008	156	中国	65969.8300	59280.3500	250681830.0000	211960034.0000
2008	210000	辽宁省	4091.1600	3731.1900	15376463.0000	13338922.0000
2008	220000	吉林省	1583.8700	1435.7300	3971105.0000	3444370.0000
2008	230000	黑龙江省	1486.5700	1286.6200	4209652.0000	3399086.0000
2008	310000	上海市	2339.2900	2007.4800	19171177.0000	16290753.0000
2008	320000	江苏省	6091.8600	5282.8900	24666786.0000	20087788.0000
2008	330000	浙江省	2992.2000	2480.7400	18736825.0000	15241113.0000
2008	340000	安徽省	2785.8300	2542.6000	8214869.0000	7140273.0000
2008	350000	福建省	1625.6700	1250.0000	7126128.0000	5622613.0000
2008	360000	江西省	1727.6000	1604.8600	3689630.0000	3244430.0000
2008	370000	山东省	5507.6400	5039.4000	16357067.0000	14369329.0000
2008	410000	河南省	3191.9800	2943.3600	7464593.0000	6294019.0000
2008	420000	湖北省	1941.6200	1821.3100	5826143.0000	5278409.0000
2008	430000	湖南省	2655.5100	2413.7000	6113306.0000	5101149.0000
2008	440000	广东省	4852.2800	4360.4500	28883504.0000	24956432.0000
2008	450000	广西壮族自治区	1768.0400	1637.9900	4996235.0000	4315247.0000
2008	460000	海南省	372.4400	358.7200	2027094.0000	1951875.0000
2008	500000	重庆市	2872.1900	2669.9300	8000006.0000	7048198.0000
2008	510000	四川省	3501.2700	3247.3200	11054590.0000	9960224.0000
2008	520000	贵州省	908.2000	848.1100	2124650.0000	1799384.0000
2008	530000	云南省	1643.0800	1478.2500	4403093.0000	3607721.0000
2008	540000	西藏自治区	66.4900	62.0800	212894.0000	192646.0000
2008	610000	陕西省	1513.0100	1426.0600	4467140.0000	4022400.0000
2008	620000	甘肃省	624.6600	588.6300	1222879.0000	1089747.0000
2008	630000	青海省	147.8900	141.2300	363745.0000	336669.0000
2008	640000	宁夏回族自治区	514.8100	453.2600	1253781.0000	1004196.0000
2008	650000	新疆维吾尔自治区	954.3500	886.3500	2137859.0000	1861169.0000
2009	110000	北京市	2362.2500	1880.4500	32596624.0000	24867669.0000
2009	120000	天津市	1590.0200	1461.4700	10948460.0000	9653564.0000
2009	130000	河北省	2966.6100	2819.7700	9680476.0000	9051453.0000
2009	140000	山西省	1034.2000	964.0500	2799896.0000	2459822.0000
2009	150000	内蒙古自治区	2581.6800	2253.9800	7672360.0000	5970070.0000
2009	156	中国	94755.0000	86184.8900	443551695.0000	384328951.0000
2009	210000	辽宁省	5375.5200	4864.2500	21685950.0000	18834702.0000
2009	220000	吉林省	1944.3000	1758.3700	5671879.0000	4902250.0000
2009	230000	黑龙江省	2016.9800	1751.2200	6536890.0000	5370482.0000
2009	310000	上海市	3372.4500	2928.0400	43302240.0000	36202282.0000
2009	320000	江苏省	10248.2000	9034.6900	51063696.0000	43410260.0000
2009	330000	浙江省	5538.1300	4760.1200	43339772.0000	37555286.0000
2009	340000	安徽省	4030.9200	3646.4400	13783861.0000	11796852.0000
2009	350000	福建省	2723.2300	2420.8300	14778299.0000	12990871.0000
2009	360000	江西省	2280.9100	2108.0700	6028009.0000	5305604.0000
2009	370000	山东省	7016.3500	6478.2800	24591016.0000	21958458.0000
2009	410000	河南省	4335.0900	4017.4500	11558968.0000	10048884.0000
2009	420000	湖北省	2718.0500	2576.3200	9600307.0000	8792284.0000
2009	430000	湖南省	3513.7200	3262.3400	9415971.0000	8260738.0000
2009	440000	广东省	7060.0300	6567.4300	45985280.0000	41766505.0000
2009	450000	广西壮族自治区	2383.7600	2249.7000	7771721.0000	7047622.0000
2009	460000	海南省	561.3600	545.9100	3514587.0000	3434396.0000
2009	500000	重庆市	4002.8900	3771.2200	13777615.0000	12317053.0000
2009	510000	四川省	5967.6900	5553.1300	20940511.0000	19068845.0000
2009	520000	贵州省	1653.0500	1541.9100	4750718.0000	4073089.0000
2009	530000	云南省	2229.9500	2040.3300	6535287.0000	5555833.0000
2009	540000	西藏自治区	63.2600	61.4200	155127.0000	146887.0000
2009	610000	陕西省	2086.9200	1995.6700	6727127.0000	6212775.0000
2009	620000	甘肃省	698.8200	659.3800	1735339.0000	1579952.0000
2009	630000	青海省	216.8200	208.0200	545761.0000	508048.0000
2009	640000	宁夏回族自治区	775.2900	677.9800	2395310.0000	1914733.0000
2009	650000	新疆维吾尔自治区	1406.5500	1326.6700	3662638.0000	3271682.0000
2010	110000	北京市	1639.5300	1201.3900	29153635.0000	20605172.0000
2010	120000	天津市	1514.5200	1302.6100	12464775.0000	10343174.0000
2010	130000	河北省	4662.1000	4325.1200	16500035.0000	14887836.0000
2010	140000	山西省	1180.5900	1070.5400	4117112.0000	3573679.0000
2010	150000	内蒙古自治区	3057.3800	2569.8400	10765543.0000	7664741.0000
2010	156	中国	104764.6500	93376.6000	527212417.0000	441206524.0000
2010	210000	辽宁省	6800.4500	6013.5000	30633172.0000	25876571.0000
2010	220000	吉林省	2382.1000	2105.3300	8688026.0000	7359079.0000
2010	230000	黑龙江省	2720.9500	2385.6800	10119482.0000	8330469.0000
2010	310000	上海市	2060.9600	1690.8200	29810074.0000	24162390.0000
2010	320000	江苏省	9485.4700	8112.3700	55403189.0000	45366278.0000
2010	330000	浙江省	4816.5300	3833.7400	44590429.0000	35774857.0000
2010	340000	安徽省	4154.2600	3641.8800	17469179.0000	14200561.0000
2010	350000	福建省	2575.6200	2139.2600	16113242.0000	13001297.0000
2010	360000	江西省	2469.7300	2265.7200	7764058.0000	6703400.0000
2010	370000	山东省	9293.8800	8448.2600	36651206.0000	32180220.0000
2010	410000	河南省	5452.2300	5092.4900	16587868.0000	14545695.0000
2010	420000	湖北省	3508.6100	3236.8800	13131957.0000	11349409.0000
2010	430000	湖南省	4469.9800	4140.0700	14063870.0000	12476480.0000
2010	440000	广东省	7321.7600	6552.8100	54807670.0000	45898236.0000
2010	450000	广西壮族自治区	2793.9200	2607.1500	9951860.0000	8817021.0000
2010	460000	海南省	854.7300	834.1900	7466120.0000	7340966.0000
2010	500000	重庆市	4314.3900	3986.3100	18469396.0000	16106444.0000
2010	510000	四川省	6396.9200	5849.3400	26473396.0000	23308457.0000
2010	520000	贵州省	1730.6900	1596.3000	5810088.0000	5016283.0000
2010	530000	云南省	2959.4300	2658.9900	9345979.0000	7693186.0000
2010	540000	西藏自治区	19.2800	18.7600	55839.0000	51801.0000
2010	610000	陕西省	2590.1800	2471.9500	9736852.0000	9066825.0000
2010	620000	甘肃省	756.5100	692.0700	2301388.0000	2033212.0000
2010	630000	青海省	281.0400	266.4300	844416.0000	770999.0000
2010	640000	宁夏回族自治区	935.9800	816.7900	3092169.0000	2537646.0000
2010	650000	新疆维吾尔自治区	1564.9000	1450.0200	4830392.0000	4164140.0000
2011	110000	北京市	1439.2018	1034.9608	24253361.0000	16060417.0000
2011	120000	天津市	1594.5695	1365.7081	13944146.0000	11673576.0000
2011	130000	河北省	5888.3274	5293.1776	23452299.0000	19938101.0000
2011	140000	山西省	1284.7788	1170.8832	4410271.0000	3783642.0000
2011	150000	内蒙古自治区	3509.0853	2911.1551	13274625.0000	9725214.0000
2011	156	中国	109366.7464	96528.4129	585888580.0000	481983220.0000
2011	210000	辽宁省	7541.4794	6624.0534	35691155.0000	30092300.0000
2011	220000	吉林省	2432.6055	2122.3889	10615628.0000	8831622.0000
2011	230000	黑龙江省	3432.8444	2947.8359	13616041.0000	10856224.0000
2011	310000	上海市	1790.8598	1499.9998	26152347.0000	20348748.0000
2011	320000	江苏省	7970.4907	6767.2538	52241903.0000	41586124.0000
2011	330000	浙江省	3531.3567	2757.1846	34741706.0000	27023587.0000
2011	340000	安徽省	4605.5788	3991.9945	21996724.0000	17449951.0000
2011	350000	福建省	2706.7244	2213.3025	21015791.0000	16493429.0000
2011	360000	江西省	2416.8530	2156.7717	10024387.0000	8243172.0000
2011	370000	山东省	9576.0078	8741.1567	42591498.0000	37576321.0000
2011	410000	河南省	6275.1633	5725.1212	21968077.0000	17880436.0000
2011	420000	湖北省	4187.6189	3788.6831	18787306.0000	15693207.0000
2011	430000	湖南省	4900.3274	4455.5912	18573516.0000	15699939.0000
2011	440000	广东省	7427.8702	6706.5967	58525415.0000	50707558.0000
2011	450000	广西壮族自治区	2964.1463	2749.3326	11182159.0000	9771009.0000
2011	460000	海南省	865.7412	819.0183	7742716.0000	7439256.0000
2011	500000	重庆市	4533.5019	4063.4236	21460860.0000	18254119.0000
2011	510000	四川省	6543.5450	5826.5159	32180378.0000	26773585.0000
2011	520000	贵州省	1882.0980	1698.5156	7319072.0000	5927327.0000
2011	530000	云南省	3222.8865	2829.5846	11716428.0000	9587785.0000
2011	540000	西藏自治区	18.2538	17.2928	63423.0000	57266.0000
2011	610000	陕西省	3051.7668	2874.5105	15103812.0000	13525380.0000
2011	620000	甘肃省	838.8157	758.1476	2783393.0000	2373035.0000
2011	630000	青海省	359.5594	342.5623	1167878.0000	1058522.0000
2011	640000	宁夏回族自治区	846.4567	705.1284	3159137.0000	2390002.0000
2011	650000	新疆维吾尔自治区	1728.2320	1570.5619	6133128.0000	5162366.0000
2012	110000	北京市	1943.7367	1483.3746	33085572.0000	24555008.0000
2012	120000	天津市	1661.6941	1511.4032	13655259.0000	12105706.0000
2012	130000	河北省	5144.9160	4622.4637	23039044.0000	19146060.0000
2012	140000	山西省	1497.8843	1390.4422	5798872.0000	5131950.0000
2012	150000	内蒙古自治区	2523.5214	2104.2187	10227971.0000	7693888.0000
2012	156	中国	111303.6464	98467.5134	644557856.0000	534671820.0000
2012	210000	辽宁省	8827.9494	7655.3988	43627815.0000	36112089.0000
2012	220000	吉林省	2452.4245	2159.4307	10169480.0000	8368014.0000
2012	230000	黑龙江省	3806.8231	3226.2165	15482979.0000	12019303.0000
2012	310000	上海市	1898.4590	1592.6284	26694942.0000	22089570.0000
2012	320000	江苏省	9019.1799	7923.3670	60670069.0000	50890578.0000
2012	330000	浙江省	4005.2939	3316.2270	42626643.0000	35416262.0000
2012	340000	安徽省	4828.8149	4275.4287	23298812.0000	19218573.0000
2012	350000	福建省	3258.9398	2741.9567	28176959.0000	22938978.0000
2012	360000	江西省	2397.1035	2125.8981	11373453.0000	9313940.0000
2012	370000	山东省	8632.7614	7745.8724	41117964.0000	35295110.0000
2012	410000	河南省	5968.4858	5455.5010	22866650.0000	19155695.0000
2012	420000	湖北省	4037.8459	3620.0951	20362024.0000	16898602.0000
2012	430000	湖南省	5150.4767	4664.0816	20852339.0000	17115454.0000
2012	440000	广东省	7898.9915	7157.6276	64078111.0000	54883925.0000
2012	450000	广西壮族自治区	2759.2573	2546.9557	11598322.0000	9958158.0000
2012	460000	海南省	931.8373	898.3484	7355740.0000	7017234.0000
2012	500000	重庆市	4522.3997	4105.1083	22973464.0000	19724206.0000
2012	510000	四川省	6455.9339	5679.3338	35177222.0000	28164868.0000
2012	520000	贵州省	2186.9485	2002.3965	9000765.0000	7399576.0000
2012	530000	云南省	3237.7457	2789.6760	13628282.0000	10770956.0000
2012	540000	西藏自治区	22.5003	20.6486	73545.0000	61578.0000
2012	610000	陕西省	2755.5907	2530.8411	14207497.0000	12155745.0000
2012	620000	甘肃省	978.4417	893.3551	3493180.0000	3016035.0000
2012	630000	青海省	262.9567	246.8539	1064592.0000	911437.0000
2012	640000	宁夏回族自治区	804.4266	707.5675	3175781.0000	2561936.0000
2012	650000	新疆维吾尔自治区	1430.3062	1274.7965	5604508.0000	4581386.0000
2013	110000	北京市	1903.1124	1363.6732	35308237.0000	24347058.0000
2013	120000	天津市	1847.1121	1720.3433	16154698.0000	14433402.0000
2013	130000	河北省	5675.9491	5020.1298	27796879.0000	23291165.0000
2013	140000	山西省	1642.8225	1484.3733	7282585.0000	6251438.0000
2013	150000	内蒙古自治区	2737.7012	2263.6515	11773618.0000	8744498.0000
2013	156	中国	130550.5927	115722.6883	814282842.0000	676949367.0000
2013	210000	辽宁省	9292.3312	8014.7974	47592106.0000	39418642.0000
2013	220000	吉林省	2214.9634	1985.9455	9930394.0000	8397317.0000
2013	230000	黑龙江省	3339.9501	2944.2296	15823382.0000	13059034.0000
2013	310000	上海市	2382.2014	2015.8086	39115659.0000	32640297.0000
2013	320000	江苏省	11454.7743	10191.5174	79136995.0000	67777021.0000
2013	330000	浙江省	4886.9875	4097.6313	53960320.0000	45138822.0000
2013	340000	安徽省	6265.3523	5573.5341	31828650.0000	26620419.0000
2013	350000	福建省	4676.1600	3957.4584	42320832.0000	34105729.0000
2013	360000	江西省	3167.0588	2846.0366	16478958.0000	13960612.0000
2013	370000	山东省	10329.8002	9300.2852	52151192.0000	44610664.0000
2013	410000	河南省	7310.2135	6561.4092	30741352.0000	25162572.0000
2013	420000	湖北省	5298.5406	4765.6848	27903176.0000	23100444.0000
2013	430000	湖南省	5952.3802	5411.4845	25256439.0000	21149740.0000
2013	440000	广东省	9836.3855	8830.9543	89410531.0000	74761038.0000
2013	450000	广西壮族自治区	2995.5763	2765.1468	13757948.0000	11667241.0000
2013	460000	海南省	1191.2259	1154.8550	10326526.0000	9969951.0000
2013	500000	重庆市	4817.5643	4359.1906	26827626.0000	22835658.0000
2013	510000	四川省	7312.7823	6505.3194	40202707.0000	33085768.0000
2013	520000	贵州省	2972.3173	2646.9819	12766927.0000	9887669.0000
2013	530000	云南省	3309.3003	2855.5249	14872408.0000	11925532.0000
2013	540000	西藏自治区	25.4037	22.7787	106023.0000	88458.0000
2013	610000	陕西省	3045.7045	2831.2228	16081136.0000	14132019.0000
2013	620000	甘肃省	1220.0194	1134.8146	4740665.0000	4180826.0000
2013	630000	青海省	381.5584	369.6958	1588392.0000	1462925.0000
2013	640000	宁夏回族自治区	1048.3098	928.2602	4436951.0000	3636024.0000
2013	650000	新疆维吾尔自治区	2017.0342	1799.9496	8609530.0000	7107384.0000
2014	110000	北京市	1454.1935	1136.5281	27387371.0000	21024647.0000
2014	120000	天津市	1612.9827	1483.6367	14869373.0000	13097031.0000
2014	130000	河北省	5706.1916	5015.0585	29280006.0000	25016246.0000
2014	140000	山西省	1576.2660	1433.9080	7461404.0000	6398253.0000
2014	150000	内蒙古自治区	2457.1804	1995.6765	10648151.0000	7650415.0000
2014	156	中国	120648.5414	105187.7897	762924097.0000	624109534.0000
2014	210000	辽宁省	5754.8137	4932.0770	30920972.0000	25188711.0000
2014	220000	吉林省	1581.7211	1387.8655	8085844.0000	6676190.0000
2014	230000	黑龙江省	2475.7412	2131.4633	12085441.0000	9626924.0000
2014	310000	上海市	2084.6637	1780.9092	34995289.0000	29234429.0000
2014	320000	江苏省	9846.8369	8800.9347	68984158.0000	59695955.0000
2014	330000	浙江省	4676.8251	3941.4881	49229999.0000	41725801.0000
2014	340000	安徽省	6202.1807	5364.9404	33451894.0000	26917964.0000
2014	350000	福建省	4119.4778	3324.0982	37635183.0000	29395788.0000
2014	360000	江西省	3067.1606	2775.2168	16217649.0000	13794952.0000
2014	370000	山东省	9180.1182	7972.4856	48796627.0000	40094832.0000
2014	410000	河南省	7879.6655	7009.0894	34405811.0000	27397066.0000
2014	420000	湖北省	5601.9833	5002.5978	30883061.0000	25437588.0000
2014	430000	湖南省	5439.5270	4852.3216	22991111.0000	18585771.0000
2014	440000	广东省	9315.7629	8163.5572	84618358.0000	69602590.0000
2014	450000	广西壮族自治区	3156.5463	2869.3160	15320544.0000	12745691.0000
2014	460000	海南省	1003.9693	942.8387	9352137.0000	8732200.0000
2014	500000	重庆市	5100.3870	4423.6751	28149910.0000	22532816.0000
2014	510000	四川省	7142.4393	6176.5108	39973726.0000	31450212.0000
2014	520000	贵州省	3178.1235	2707.0894	13703112.0000	10000070.0000
2014	530000	云南省	3194.1850	2618.0247	15963711.0000	11653878.0000
2014	540000	西藏自治区	59.3270	53.6418	342528.0000	285541.0000
2014	610000	陕西省	3093.6432	2836.6946	15980360.0000	13681219.0000
2014	620000	甘肃省	1325.5110	1212.5988	6023393.0000	5134670.0000
2014	630000	青海省	415.7706	362.9228	2112694.0000	1558318.0000
2014	640000	宁夏回族自治区	1129.4630	939.3738	4649623.0000	3520283.0000
2014	650000	新疆维吾尔自治区	1815.8843	1541.2506	8404657.0000	6253483.0000
2015	110000	北京市	1554.2463	1126.8399	35176499.0000	25128856.0000
2015	120000	天津市	1771.0706	1674.7843	17900112.0000	16632526.0000
2015	130000	河北省	5854.6525	5161.6510	33715889.0000	28542101.0000
2015	140000	山西省	1592.5530	1481.1355	7756381.0000	7022858.0000
2015	150000	内蒙古自治区	2369.3739	1944.9240	10521821.0000	7660638.0000
2015	156	中国	128494.9660	112412.2855	872808375.0000	727698199.0000
2015	210000	辽宁省	3916.1899	3477.2627	22549726.0000	19076264.0000
2015	220000	吉林省	1491.8487	1304.8225	8168691.0000	6802577.0000
2015	230000	黑龙江省	1996.6142	1710.6037	10271369.0000	8242147.0000
2015	310000	上海市	2431.3599	2009.1663	50935488.0000	43199280.0000
2015	320000	江苏省	11414.0486	10275.9451	83962012.0000	73748655.0000
2015	330000	浙江省	5985.3024	5131.8786	62994582.0000	55192684.0000
2015	340000	安徽省	6174.0927	5356.8083	33694228.0000	27143273.0000
2015	350000	福建省	4037.7616	3315.6860	35858122.0000	28397610.0000
2015	360000	江西省	3478.2264	3145.8323	18636712.0000	16066662.0000
2015	370000	山东省	9727.0416	8526.8531	54080063.0000	45107586.0000
2015	410000	河南省	8556.3441	7645.8386	39455522.0000	33003306.0000
2015	420000	湖北省	6244.5468	5647.7240	36613659.0000	31985295.0000
2015	430000	湖南省	6363.0113	5671.1922	27389200.0000	22538479.0000
2015	440000	广东省	11681.0096	10497.6231	114428014.0000	99673248.0000
2015	450000	广西壮族自治区	3523.4063	3181.5134	17477650.0000	14594268.0000
2015	460000	海南省	1052.2832	984.7851	9827541.0000	9085984.0000
2015	500000	重庆市	5381.3726	4477.7122	29522124.0000	22444311.0000
2015	510000	四川省	7671.1984	6495.4292	41998448.0000	32695173.0000
2015	520000	贵州省	3559.8107	2943.3734	15716767.0000	10681420.0000
2015	530000	云南省	3145.1267	2576.8001	16668542.0000	12368124.0000
2015	540000	西藏自治区	51.2681	46.3182	210756.0000	166997.0000
2015	610000	陕西省	2978.9405	2717.9825	15974351.0000	13812698.0000
2015	620000	甘肃省	1434.9578	1307.4796	7049335.0000	6030795.0000
2015	630000	青海省	392.9635	329.7109	2059969.0000	1398329.0000
2015	640000	宁夏回族自治区	839.1617	708.1180	3702955.0000	2839806.0000
2015	650000	新疆维吾尔自治区	1825.1824	1536.4917	8491847.0000	6416249.0000
2016	110000	北京市	1658.9346	981.3660	45616040.0000	27958052.0000
2016	120000	天津市	2711.0848	2521.8725	34782223.0000	32455992.0000
2016	130000	河北省	6682.2862	5899.7222	43018288.0000	37108785.0000
2016	140000	山西省	2061.0554	1881.5060	10271364.0000	9007879.0000
2016	150000	内蒙古自治区	2527.8504	2073.3598	11490820.0000	8380757.0000
2016	156	中国	157348.5293	137539.9314	1176270475.0000	990641734.0000
2016	210000	辽宁省	3711.8966	3383.0783	22569067.0000	19880253.0000
2016	220000	吉林省	1919.2950	1630.7151	10295827.0000	8064904.0000
2016	230000	黑龙江省	2117.2915	1797.0213	11210446.0000	9036646.0000
2016	310000	上海市	2705.6889	2019.7967	66958478.0000	52332938.0000
2016	320000	江苏省	13962.0913	12657.6599	122930197.0000	110553614.0000
2016	330000	浙江省	8636.7871	7234.1898	96050986.0000	82808481.0000
2016	340000	安徽省	8499.6513	7506.8714	50355472.0000	42315908.0000
2016	350000	福建省	4915.3468	4134.4556	45307926.0000	37934055.0000
2016	360000	江西省	4691.8399	4140.5481	26783684.0000	22071683.0000
2016	370000	山东省	11789.8770	10598.5784	69029046.0000	60705448.0000
2016	410000	河南省	11306.2709	10137.1332	56129002.0000	48390255.0000
2016	420000	湖北省	7427.1580	6789.2091	49940519.0000	43838119.0000
2016	430000	湖南省	8085.3613	7190.6561	37518649.0000	31136239.0000
2016	440000	广东省	14611.6042	13021.9741	162146076.0000	142403269.0000
2016	450000	广西壮族自治区	4215.3930	3864.0100	22074664.0000	19482272.0000
2016	460000	海南省	1508.5328	1417.0942	14902013.0000	13852610.0000
2016	500000	重庆市	6257.1463	5105.4642	34319972.0000	26356415.0000
2016	510000	四川省	9300.4699	7884.0898	53589093.0000	42962685.0000
2016	520000	贵州省	4156.9295	3426.9610	17905337.0000	12694287.0000
2016	530000	云南省	3639.7450	2933.1003	19177639.0000	14113773.0000
2016	540000	西藏自治区	74.6077	71.1616	381416.0000	346994.0000
2016	610000	陕西省	3262.7011	3012.6149	17851694.0000	15857080.0000
2016	620000	甘肃省	1679.4885	1478.8103	8734606.0000	7123481.0000
2016	630000	青海省	437.8513	373.0346	2364421.0000	1720566.0000
2016	640000	宁夏回族自治区	966.0713	830.2206	4097065.0000	3258909.0000
2016	650000	新疆维吾尔自治区	1828.2217	1543.6563	8468445.0000	6489385.0000
2017	110000	北京市	869.9521	608.7804	27960252.0000	20770062.0000
2017	120000	天津市	1482.1233	1342.8690	22723026.0000	20329254.0000
2017	130000	河北省	6425.9101	5576.9915	46283731.0000	39253674.0000
2017	140000	山西省	2415.9189	2246.2784	13574775.0000	12258970.0000
2017	150000	内蒙古自治区	2067.6035	1726.1647	9568096.0000	7316920.0000
2017	156	中国	169407.8154	144788.7688	1337013064.0000	1102395075.0000
2017	210000	辽宁省	4148.4528	3797.0480	27716944.0000	24522296.0000
2017	220000	吉林省	1885.2075	1602.0643	11351765.0000	9208487.0000
2017	230000	黑龙江省	2255.8104	1868.1422	14597226.0000	11344722.0000
2017	310000	上海市	1691.6016	1341.6197	40266714.0000	33360924.0000
2017	320000	江苏省	14211.1218	12486.6631	130668523.0000	113258407.0000
2017	330000	浙江省	9599.6733	7669.6987	123399916.0000	103003358.0000
2017	340000	安徽省	9200.7052	7949.2796	58657695.0000	48785611.0000
2017	350000	福建省	5854.0463	4526.1290	57051918.0000	42019950.0000
2017	360000	江西省	5841.9302	4964.9702	35925237.0000	28796563.0000
2017	370000	山东省	12813.1810	11201.0436	80969720.0000	68916528.0000
2017	410000	河南省	13313.8881	11707.2575	71293961.0000	58976849.0000
2017	420000	湖北省	8155.2080	7363.6717	62589196.0000	53803103.0000
2017	430000	湖南省	8532.2520	7368.2662	44606596.0000	35707612.0000
2017	440000	广东省	15958.8108	13522.5139	187927603.0000	154378898.0000
2017	450000	广西壮族自治区	5170.9860	4687.4089	30166388.0000	26357435.0000
2017	460000	海南省	2292.6075	2173.1231	27137184.0000	24731801.0000
2017	500000	重庆市	6711.0048	5452.6452	45578543.0000	36015634.0000
2017	510000	四川省	10869.0664	8786.6075	67571094.0000	51736009.0000
2017	520000	贵州省	4696.8981	3897.6516	22407650.0000	16233707.0000
2017	530000	云南省	4327.1836	3484.4905	25611899.0000	19737240.0000
2017	540000	西藏自治区	53.2526	44.9572	352842.0000	251926.0000
2017	610000	陕西省	3890.3972	3419.8386	26610776.0000	22151693.0000
2017	620000	甘肃省	1559.5147	1386.0366	8903073.0000	7382204.0000
2017	630000	青海省	494.0392	399.5736	2964953.0000	2117069.0000
2017	640000	宁夏回族自治区	1021.3567	870.2805	4641311.0000	3692975.0000
2017	650000	新疆维吾尔自治区	1598.1117	1316.7038	7934457.0000	5975194.0000
2018	110000	北京市	696.1905	526.7602	23769958.0000	19711466.0000
2018	120000	天津市	1249.8690	1140.7314	20066195.0000	18165304.0000
2018	130000	河北省	5251.9277	4714.4182	40349590.0000	35672682.0000
2018	140000	山西省	2360.9026	2215.5871	16106141.0000	14731682.0000
2018	150000	内蒙古自治区	2007.6748	1702.3877	11139430.0000	9090394.0000
2018	156	中国	171654.3616	147929.4214	1499727374.0000	1263925983.0000
2018	210000	辽宁省	3934.5678	3554.8068	29673101.0000	26157528.0000
2018	220000	吉林省	2074.4578	1813.8240	14524293.0000	12335021.0000
2018	230000	黑龙江省	1913.2548	1665.5768	13203133.0000	11122816.0000
2018	310000	上海市	1767.0100	1333.2914	47515035.0000	38640259.0000
2018	320000	江苏省	13484.2091	12040.6780	145272715.0000	126938642.0000
2018	330000	浙江省	9755.4870	7936.1682	140898480.0000	120963133.0000
2018	340000	安徽省	10038.4259	8901.2495	70769542.0000	61748460.0000
2018	350000	福建省	6213.4032	4781.5818	65794875.0000	50745209.0000
2018	360000	江西省	6200.7090	5389.0031	42198878.0000	35243219.0000
2018	370000	山东省	13454.7338	11755.3712	100656989.0000	86828127.0000
2018	410000	河南省	13990.4995	12482.8755	80552961.0000	69037853.0000
2018	420000	湖北省	8865.3846	8101.7114	75313805.0000	65913597.0000
2018	430000	湖南省	9239.1460	7997.9436	53539852.0000	43773872.0000
2018	440000	广东省	14336.3109	12075.0961	187421220.0000	155952932.0000
2018	450000	广西壮族自治区	6212.9006	5589.8864	38265045.0000	33307489.0000
2018	460000	海南省	1432.2451	1298.8177	20832908.0000	18319516.0000
2018	500000	重庆市	6536.2487	5424.7646	52727000.0000	44428692.0000
2018	510000	四川省	12210.7336	9895.3489	85323451.0000	66212077.0000
2018	520000	贵州省	5181.9642	4441.4406	29209515.0000	22781001.0000
2018	530000	云南省	4531.8835	3643.9285	34068403.0000	26908368.0000
2018	540000	西藏自治区	73.3517	62.1019	528246.0000	429418.0000
2018	610000	陕西省	4118.5587	3545.6044	34074478.0000	28087752.0000
2018	620000	甘肃省	1595.6520	1437.9541	9223391.0000	7746324.0000
2018	630000	青海省	447.9292	377.4071	2898874.0000	2240515.0000
2018	640000	宁夏回族自治区	1026.4998	887.9682	5177263.0000	4206254.0000
2018	650000	新疆维吾尔自治区	1452.2305	1195.1370	8632607.0000	6486381.0000
