年度标识	省份名称	地区生产总值	地区生产总值－房地产业	第一产业占GDP比重(%)	第二产业占GDP比重(%)	第三产业占GDP比重(%)	人均地区生产总值
2018	中国	900309.5000	59846.4000	7.2000	40.7000	52.2000	64644.0000
2017	中国	820754.3000	53965.2000	7.6000	40.5000	51.9000	59201.0000
2017	安徽省	27018.0000	1390.4800	9.5576	47.5175	42.9249	43401.3638
2017	海南省	4462.5400	434.9000	21.5761	22.3270	56.0970	48430.0000
2017	新疆维吾尔自治区	10881.9600	323.1600	14.2607	39.7988	45.9405	44941.0000
2017	黑龙江省	15902.6817	656.3400	18.6462	25.5341	55.8197	41916.0000
2017	湖北省	35478.0900	1642.9800	9.9469	43.5248	46.5284	60199.0000
2017	宁夏回族自治区	3443.5600	120.8400	7.2779	45.8993	46.8228	50765.0000
2017	湖南省	33902.9600	1019.3500	8.8441	41.7235	49.4325	49558.0000
2017	山东省	72634.1491	3091.3677	6.6535	45.3545	47.9920	72807.1389
2017	云南省	16376.3400	345.5000	14.2790	37.8898	47.8312	34221.0000
2017	福建省	32182.0900	1768.4800	6.8831	47.7107	45.4062	82677.0000
2017	广东省	89705.2300	7635.9600	4.0259	42.3699	53.6042	80932.0000
2017	上海市	30632.9900	1873.0500	.3616	30.4595	69.1788	126634.1500
2017	浙江省	51768.2600	3222.5400	3.7357	42.9454	53.3189	92057.0108
2017	吉林省	14944.5300	525.5800	7.3295	46.8299	45.8406	54838.0000
2017	贵州省	13540.8256	283.0500	15.0085	40.0872	44.9043	37956.0633
2017	辽宁省	23409.2400	1132.1800	8.1262	39.2999	52.5739	53526.6544
2017	江西省	20006.3100	890.5500	9.1734	48.1247	42.7019	43424.3703
2017	西藏自治区	1310.9200	33.4900	9.3614	39.1824	51.4562	39267.0000
2017	江苏省	85869.7600	5016.5400	4.7108	45.0157	50.2735	107150.0000
2017	陕西省	21898.8100	861.5300	7.9523	49.6962	42.3515	57266.3100
2017	内蒙古自治区	16096.2100	458.5900	10.2494	39.7589	49.9916	63764.0000
2017	河南省	44552.8300	2222.2100	9.2907	47.3719	43.3374	46674.0000
2017	青海省	2624.8300	60.8900	9.0829	44.2852	46.6320	44047.0000
2017	河北省	34016.3200	1690.3100	9.2014	46.5841	44.2145	45387.0000
2017	山西省	15528.4200	798.7300	4.6313	43.6547	51.7140	42060.0000
2017	甘肃省	7459.8995	274.2991	11.5250	34.3408	54.1342	28496.5010
2017	四川省	36980.2200	2039.8300	11.5260	38.7454	49.7286	44651.3200
2017	重庆市	19424.7300	1048.2500	6.5694	44.1942	49.2364	63442.0000
2017	广西壮族自治区	18523.2600	885.4800	15.5388	40.2243	44.2369	38102.0000
2017	北京市	28014.9400	1766.2000	.4298	19.0140	80.5562	128994.1063
2017	天津市	18549.1900	783.2700	.9109	40.9376	58.1515	118943.5683
2016	中国	740060.8000	48190.9000	8.1000	40.1000	51.8000	53680.0000
2016	海南省	4053.2000	349.9500	23.3976	22.3515	54.2510	44347.0000
2016	宁夏回族自治区	3168.5900	102.5700	7.6248	46.9748	45.4003	47194.0000
2016	安徽省	24407.6200	1124.0650	10.5201	48.4340	41.0459	39561.0000
2016	湖南省	31551.3700	879.6200	11.3414	42.2840	46.3746	46382.0000
2016	新疆维吾尔自治区	9649.7000	298.6200	17.0883	37.7940	45.1177	40564.0000
2016	黑龙江省	15386.0900	616.9000	17.3563	28.6017	54.0419	40432.0000
2016	西藏自治区	1151.4100	33.4700	10.0555	37.2734	52.6711	35184.0000
2016	湖北省	32665.3800	1291.3536	11.2025	44.8621	43.9354	55665.0000
2016	江苏省	77388.2800	4292.7868	5.2685	44.7348	49.9967	96887.0000
2016	上海市	28178.6500	2125.6200	.3885	29.8321	69.7794	116562.0000
2016	云南省	14788.4200	303.9600	14.8434	38.4771	46.6794	31093.0000
2016	广东省	80854.9100	6229.5000	4.5691	43.4230	52.0078	74016.0000
2016	吉林省	14776.8000	476.5800	10.1410	47.4051	42.4539	53868.0000
2016	北京市	25669.1300	1672.6800	.5056	19.2622	80.2322	118198.0000
2016	江西省	18499.0000	745.8900	10.2953	47.7298	41.9749	40400.0000
2016	辽宁省	22246.9000	1037.3300	9.7679	38.6865	51.5456	50791.0000
2016	贵州省	11776.7300	249.2000	15.6766	39.6505	44.6729	33246.0000
2016	陕西省	19399.5900	747.1750	8.7314	48.9223	42.3464	51015.0000
2016	内蒙古自治区	18128.1000	453.8000	9.0323	47.1844	43.7833	72064.0000
2016	青海省	2572.4900	56.1300	8.5983	48.5903	42.8114	43531.0000
2016	河南省	40471.7900	1890.0100	10.5906	47.6278	41.7816	42575.0000
2016	福建省	28810.5800	1269.6700	8.2026	48.9177	42.8797	74707.0000
2016	山东省	68024.4900	2773.2911	7.2461	46.0770	46.6769	68733.0000
2016	河北省	32070.4500	1488.4200	10.8911	47.5732	41.5358	43062.0000
2016	山西省	13050.4100	698.5300	6.0135	38.5351	55.4514	35532.0000
2016	甘肃省	7200.3700	259.8856	13.6575	34.9365	51.4060	27643.0000
2016	浙江省	47251.3600	2607.0000	4.1590	44.8550	50.9860	84916.0000
2016	重庆市	17740.5900	926.1900	7.3461	44.5246	48.1293	58502.0000
2016	广西壮族自治区	18317.6400	749.0400	15.2683	45.1677	39.5639	38027.0000
2016	天津市	17885.3900	805.9200	1.2313	42.3326	56.4361	115053.0000
2016	四川省	32934.5400	1516.6100	11.9307	40.8353	47.2340	40003.0000
2015	中国	685992.9000	41701.0000	8.4000	41.1000	50.5000	50028.0000
2015	江苏省	70116.3800	3755.4500	5.6849	45.7018	48.6133	87995.0000
2015	贵州省	10502.5600	232.0700	15.6210	39.4935	44.8854	29847.2478
2015	吉林省	14063.1300	436.0600	11.3508	49.8162	38.8330	51086.0000
2015	陕西省	18021.8609	695.5309	8.8650	50.3951	40.7400	47626.0000
2015	内蒙古自治区	17831.5088	441.3700	9.0706	50.4757	40.4537	71100.5442
2015	北京市	23014.5900	1438.4300	.6092	19.7381	79.6527	106497.0000
2015	辽宁省	28669.0160	1169.6700	8.3157	45.4915	46.1928	65354.4122
2015	上海市	25123.4500	1699.7800	.4371	31.8069	67.7559	103795.5360
2015	河南省	37002.1600	1657.0400	11.3765	48.4225	40.2010	39122.6100
2015	云南省	13619.1700	282.5100	15.0948	39.7684	45.1369	28806.0000
2015	广东省	72812.5500	5117.9500	4.5947	44.7911	50.6142	67503.0000
2015	河北省	29806.1100	1313.6200	11.5394	48.2682	40.1924	40255.0000
2015	山西省	12766.4900	639.0700	6.1345	40.6868	53.1788	34918.7100
2015	甘肃省	6790.3169	244.8206	14.0507	36.7401	49.2092	26165.2608
2015	青海省	2417.0500	53.5900	8.6440	49.9497	41.4063	41252.0000
2015	四川省	30053.1000	1252.2000	12.2360	44.0822	43.6817	36775.0000
2015	浙江省	42886.4900	2351.4200	4.2739	45.9624	49.7637	77643.6861
2015	江西省	16723.7800	548.2600	10.6016	50.2971	39.1014	36724.0000
2015	重庆市	15717.2700	847.7200	7.3177	44.9784	47.7039	52321.0000
2015	广西壮族自治区	16803.1200	657.3000	15.2677	45.9291	38.8032	35190.0000
2015	天津市	16538.1900	618.2500	1.2627	46.5844	52.1529	107960.0883
2015	山东省	63002.3325	2592.6672	7.9030	46.8013	45.2957	64168.3001
2015	福建省	25979.8200	1077.8800	8.1529	50.2883	41.5588	67965.5199
2015	海南省	3702.7600	299.6900	23.0833	23.6532	53.2635	40818.0000
2015	湖南省	28902.2139	751.8100	11.5272	44.3247	44.1481	42753.8600
2015	安徽省	22005.6300	870.0700	11.1639	49.7456	39.0905	35996.5641
2015	新疆维吾尔自治区	9324.8000	285.3800	16.7197	38.5681	44.7122	40036.0000
2015	黑龙江省	15083.6700	597.2200	17.4593	31.8098	50.7310	39461.5644
2015	宁夏回族自治区	2911.7700	97.0500	8.1655	47.3801	44.4544	43805.0000
2015	西藏自治区	1026.3911	29.3300	9.5519	36.6514	53.7967	31999.0000
2015	湖北省	29550.1881	1136.7183	11.2007	45.6970	43.1022	50653.8500
2014	中国	641280.6000	38000.8000	8.7000	43.3000	48.0000	47005.0000
2014	重庆市	14262.6000	817.0400	7.4392	45.7775	46.7833	47850.0000
2014	北京市	21330.8300	1329.2000	.7454	21.3063	77.9484	99995.0000
2014	天津市	15726.9300	550.8600	1.2711	49.1631	49.5658	105231.3467
2014	内蒙古自治区	17770.1888	442.9471	9.1606	51.3207	39.5187	71046.3688
2014	云南省	12814.5900	275.9700	15.5297	41.2172	43.2530	27263.6349
2014	上海市	23567.6953	1530.9600	.5272	34.6564	64.8164	97370.0000
2014	河南省	34938.2400	1541.7600	11.9068	50.9944	37.0988	37071.7173
2014	广西壮族自治区	15672.8933	593.0100	15.3988	46.7365	37.8647	33089.6090
2014	浙江省	40173.0300	2166.8600	4.4238	47.7312	47.8450	73002.0534
2014	江西省	15714.6300	522.8100	10.7143	52.4857	36.8000	34674.0000
2014	陕西省	17689.9400	579.4400	8.8465	54.1395	37.0140	46929.0000
2014	新疆维吾尔自治区	9273.4600	281.5600	16.5914	42.5835	40.8251	40648.0000
2014	四川省	28536.6600	1064.7400	12.3737	48.9280	38.6983	35128.0000
2014	福建省	24055.7600	1090.2200	8.3755	52.0265	39.5980	63472.0000
2014	海南省	3500.7200	295.5600	23.1244	25.0226	51.8530	38923.7000
2014	青海省	2303.3200	48.9600	9.3747	53.5883	37.0370	39671.0000
2014	江苏省	65088.3200	3564.4400	5.5837	47.4041	47.0123	81874.0000
2014	山西省	12761.4900	598.0700	6.1818	49.3196	44.4986	35070.0000
2014	山东省	59426.5902	2526.1593	8.0744	48.4431	43.4824	60879.1048
2014	宁夏回族自治区	2752.1000	114.2800	7.8845	48.7351	43.3803	41834.0000
2014	湖南省	27037.3212	673.3754	11.6459	46.1661	42.1880	40270.5443
2014	河北省	29421.1500	1119.7800	11.7176	51.0274	37.2550	39984.0000
2014	甘肃省	6836.8208	234.1419	13.1751	42.8043	44.0207	26432.9157
2014	黑龙江省	15039.3764	581.2800	17.3635	36.8659	45.7706	39226.3339
2014	湖北省	27379.2176	1062.7121	11.6033	46.9422	41.4545	47144.6000
2014	辽宁省	28626.5800	1145.7000	7.9847	50.2492	41.7660	65201.1844
2014	西藏自治区	920.8326	28.8012	9.9520	36.5801	53.4674	29252.0000
2014	安徽省	20848.7476	807.3292	11.4750	53.1335	35.3915	34424.6122
2014	贵州省	9266.3900	220.4800	13.8182	41.6283	44.5535	26437.0000
2014	广东省	67809.8500	4486.9200	4.6701	46.3351	48.9948	63469.0000
2014	吉林省	13803.1400	432.8500	11.0410	52.7894	36.1696	50160.0000
2013	中国	592963.2000	35987.6000	8.9000	44.2000	46.9000	43684.0000
2013	天津市	14442.0100	519.3700	1.3000	50.6000	48.1000	100105.4288
2013	河南省	32191.2999	1165.0700	12.6000	55.4000	32.0000	34211.4883
2013	四川省	26392.0700	762.7700	13.0000	51.7000	35.2000	32617.0000
2013	重庆市	12783.2600	728.8300	8.0000	50.5000	41.4000	43223.0000
2013	广西壮族自治区	14449.9040	520.5100	16.3000	47.7000	36.0000	30741.2063
2013	福建省	21868.4900	1216.7600	8.9000	52.0000	39.1000	58145.0000
2013	山东省	55230.3249	2237.4600	8.7000	50.1000	41.2000	56884.9371
2013	江苏省	59753.3700	3436.6500	6.2000	49.2000	44.7000	75354.0000
2013	海南省	3177.5600	288.5400	24.0000	27.7000	48.3000	35663.0000
2013	陕西省	16205.4500	507.7200	9.5000	55.5000	34.9000	43117.0000
2013	新疆维吾尔自治区	8443.8400	232.4400	17.6000	45.0000	37.4000	37552.5452
2013	江西省	14410.1900	500.5700	11.4000	53.5000	35.1000	31930.0000
2013	浙江省	37756.5800	2190.0300	4.8000	49.1000	46.1000	68804.7198
2013	湖南省	24621.6700	636.2600	12.6000	47.0000	40.3000	36943.0000
2013	黑龙江省	14454.9056	553.1100	17.5000	41.1000	41.4000	37696.9665
2013	宁夏回族自治区	2577.5700	101.8400	8.7000	49.3000	42.0000	39613.0000
2013	湖北省	24791.8300	797.1900	12.6000	49.3000	38.1000	42825.7600
2013	山西省	12665.2500	329.8000	6.1000	53.9000	40.0000	34983.8343
2013	甘肃省	6330.6923	158.4000	14.0000	45.0000	41.0000	24538.8511
2013	青海省	2122.0600	34.2100	9.9000	57.3000	32.8000	36875.0000
2013	河北省	28442.9500	1041.2800	12.4000	52.2000	35.5000	38909.0000
2013	云南省	11832.3100	262.8400	16.2000	42.0000	41.8000	25322.0000
2013	北京市	19800.8100	1339.5200	.8000	22.3000	76.9000	94647.8813
2013	广东省	62474.7900	4207.4600	4.9000	47.3000	47.8000	58833.0000
2013	上海市	21818.1500	1343.7700	.6000	37.2000	62.2000	90993.0000
2013	内蒙古自治区	16916.5029	414.5900	9.5000	54.0000	36.5000	67835.6008
2013	安徽省	19229.3371	763.5600	12.3000	54.6000	33.0000	32000.8938
2013	贵州省	8086.8600	202.9400	12.9000	40.5000	46.6000	23151.0000
2013	西藏自治区	815.6700	22.7400	10.7000	36.3000	53.0000	26326.0000
2013	辽宁省	27213.2200	1134.4900	8.6000	52.7000	38.7000	61996.1727
2013	吉林省	13046.4000	266.6000	11.6000	52.8000	35.5000	47428.0000
2012	中国	538580.0000	31248.3000	9.1000	45.4000	45.5000	39874.0000
2012	天津市	12893.8800	449.6500	1.3300	51.6800	46.9900	93173.0000
2012	河北省	26575.0100	982.0500	11.9900	52.6900	35.3100	36584.0000
2012	山西省	12112.8300	301.8800	5.7700	55.5700	38.6600	33628.0000
2012	内蒙古自治区	15880.5788	385.2200	9.1200	55.4200	35.4600	63886.0000
2012	辽宁省	24846.4300	1050.0300	8.6800	53.2500	38.0700	56649.0000
2012	吉林省	11939.2400	240.8600	11.8300	53.4100	34.7600	43415.0000
2012	黑龙江省	13691.5800	522.2700	15.4400	44.1000	40.4700	35711.0000
2012	上海市	20181.7200	1147.0400	.6300	38.9200	60.4500	85373.0000
2012	江苏省	54058.2200	2992.8200	6.3200	50.1700	43.5000	68347.0000
2012	浙江省	34665.3300	1927.9300	4.8100	49.9500	45.2400	63374.0000
2012	安徽省	17212.0506	665.7600	12.6600	54.6400	32.7000	28792.0000
2012	福建省	19701.7800	1039.7100	9.0200	51.7100	39.2700	52763.0000
2012	江西省	12948.8800	421.8300	11.7400	53.6200	34.6400	28800.0000
2012	山东省	50013.2449	1984.4900	8.5600	51.4600	39.9800	51768.0000
2012	河南省	29599.3100	1040.7000	12.7400	56.3300	30.9400	31499.0000
2012	湖北省	22250.4500	692.8200	12.8000	50.3100	36.8900	38572.0000
2012	湖南省	22154.2275	568.5200	13.5600	47.4200	39.0200	33480.0000
2012	广东省	57067.9177	3643.8700	4.9900	48.5400	46.4700	54095.0000
2012	广西壮族自治区	13035.1015	489.4300	16.6700	47.9300	35.4100	27952.0000
2012	海南省	2855.5400	238.1100	24.9200	28.1700	46.9100	32377.0000
2012	重庆市	11409.6000	620.1700	8.2400	52.3700	39.3900	38914.0000
2012	四川省	23872.8000	703.5100	13.8100	51.6600	34.5300	29608.0000
2012	贵州省	6852.2000	176.7500	13.0200	39.0800	47.9100	19710.0000
2012	云南省	10309.4700	243.0300	16.0500	42.8700	41.0900	22195.0000
2012	西藏自治区	701.0300	20.7700	11.4700	34.6400	53.8900	22936.0000
2012	陕西省	14453.6800	450.1200	9.4800	55.8600	34.6600	38564.0000
2012	甘肃省	5650.2040	146.3200	13.8100	46.0200	40.1700	21978.0000
2012	青海省	1893.5400	31.4100	9.3400	57.6900	32.9700	33181.0000
2012	宁夏回族自治区	2341.2900	87.5100	8.5200	49.5200	41.9600	36394.0000
2012	新疆维吾尔自治区	7505.3100	194.3800	17.6000	46.3900	36.0200	33796.0000
2012	北京市	17879.4000	1244.1700	.8400	22.7000	76.4600	87475.0000
2011	吉林省	10568.8300	238.6100	12.1000	53.1000	34.8000	38460.0000
2011	湖北省	19632.2600	634.6700	13.1000	50.0000	36.9000	34197.0000
2011	江苏省	49110.2700	2747.8900	6.2000	51.3000	42.4000	62290.0000
2011	四川省	21026.6800	620.6200	14.2000	52.5000	33.4000	26133.0000
2011	中国	487940.2000	28167.6000	9.2000	46.5000	44.3000	36302.0000
2011	甘肃省	5020.3700	134.2500	13.5000	47.4000	39.1000	19595.0000
2011	山西省	11237.5500	224.9100	5.7000	59.0000	35.2000	31357.0000
2011	广西壮族自治区	11720.8700	465.6800	17.5000	48.4000	34.1000	25326.0000
2011	西藏自治区	605.8300	17.4400	12.3000	34.5000	53.2000	20077.0000
2011	广东省	53210.2800	3321.3100	5.0000	49.7000	45.3000	50807.0000
2011	内蒙古自治区	14359.8800	384.7600	9.1000	56.0000	34.9000	57974.0000
2011	江西省	11702.8200	402.5100	11.9000	54.6000	33.5000	26150.0000
2011	上海市	19195.6900	1019.6800	.7000	41.3000	58.0000	82560.0000
2011	湖南省	19669.5600	518.0400	14.1000	47.6000	38.3000	29880.0000
2011	北京市	16251.9300	1074.9300	.8000	23.1000	76.1000	81658.0000
2011	重庆市	10011.3700	396.2800	8.4000	55.4000	36.2000	34500.0000
2011	辽宁省	22226.7000	876.1200	8.6000	54.7000	36.7000	50760.0000
2011	贵州省	5701.8400	160.3000	12.7000	38.5000	48.8000	16413.0000
2011	河北省	24515.7600	918.0200	11.9000	53.5000	34.6000	33969.0000
2011	山东省	45361.8500	1838.1400	8.8000	52.9000	38.3000	47335.0000
2011	陕西省	12512.3000	398.0300	9.8000	55.4000	34.8000	33464.0000
2011	河南省	26931.0300	987.0000	13.0000	57.3000	29.7000	28661.0000
2011	青海省	1670.4400	29.0500	9.3000	58.4000	32.3000	29522.0000
2011	天津市	11307.2800	411.4600	1.4000	52.4000	46.2000	85213.0000
2011	云南省	8893.1200	222.3100	15.9000	42.5000	41.6000	19265.0000
2011	安徽省	15300.6500	634.9200	13.2000	54.3000	32.5000	25659.0000
2011	海南省	2522.6600	208.7100	26.1000	28.3000	45.5000	28898.0000
2011	新疆维吾尔自治区	6610.0500	176.2200	17.2000	48.8000	34.0000	30087.0000
2011	黑龙江省	12582.0000	465.6100	13.5000	50.3000	36.2000	32819.0000
2011	浙江省	32318.8500	1677.1300	4.9000	51.2000	43.9000	59249.0000
2011	福建省	17560.1800	911.1600	9.2000	51.6000	39.2000	47377.0000
2011	宁夏回族自治区	2102.2100	79.0100	8.8000	50.2000	41.0000	33043.0000
2010	福建省	14737.1200	679.0300	9.3000	51.0000	39.7000	40025.0000
2010	云南省	7224.1800	223.4500	15.3000	44.6000	40.0000	15752.0000
2010	西藏自治区	507.4600	14.5400	13.5000	32.3000	54.2000	17027.0000
2010	甘肃省	4120.7500	110.0200	14.5000	48.2000	37.3000	16113.0000
2010	湖南省	16037.9600	464.2100	14.5000	45.8000	39.7000	24719.0000
2010	北京市	14113.5800	1006.5200	.9000	24.0000	75.1000	73856.0000
2010	海南省	2064.5000	188.3300	26.1000	27.7000	46.2000	23831.0000
2010	吉林省	8667.5800	212.3200	12.1000	52.0000	35.9000	31599.0000
2010	河北省	20394.2600	697.7900	12.6000	52.5000	34.9000	28668.0000
2010	江苏省	41425.4800	2600.9500	6.1000	52.5000	41.4000	52840.0000
2010	黑龙江省	10368.6000	370.7900	12.6000	50.2000	37.2000	27076.0000
2010	贵州省	4602.1600	139.6400	13.6000	39.1000	47.3000	13119.0000
2010	湖北省	15967.6100	564.4100	13.4000	48.6000	37.9000	27906.0000
2010	内蒙古自治区	11672.0000	309.2500	9.4000	54.6000	36.1000	47347.0000
2010	山西省	9200.8600	192.0000	6.0000	56.9000	37.1000	26283.0000
2010	广西壮族自治区	9569.8500	405.7900	17.5000	47.1000	35.4000	20219.0000
2010	安徽省	12359.3300	532.1700	14.0000	52.1000	33.9000	20888.0000
2010	陕西省	10123.4800	315.9500	9.8000	53.8000	36.4000	27133.0000
2010	青海省	1350.4300	25.4100	10.0000	55.1000	34.9000	24115.0000
2010	山东省	39169.9200	1622.1500	9.2000	54.2000	36.6000	41106.0000
2010	宁夏回族自治区	1689.6500	60.5300	9.4000	49.0000	41.6000	26860.0000
2010	新疆维吾尔自治区	5437.4700	143.4400	19.8000	47.7000	32.5000	25034.0000
2010	辽宁省	18457.2700	733.3700	8.8000	54.1000	37.1000	42355.0000
2010	江西省	9451.2600	340.5600	12.8000	54.2000	33.0000	21253.0000
2010	广东省	46013.0600	2813.9500	5.0000	50.0000	45.0000	44736.0000
2010	浙江省	27722.3100	1618.1700	4.9000	51.6000	43.5000	51711.0000
2010	中国	412119.3000	23569.9000	9.3000	46.5000	44.2000	30808.0000
2010	上海市	17165.9800	1002.5000	.7000	42.1000	57.3000	76074.0000
2010	四川省	17185.4800	558.5600	14.4000	50.5000	35.1000	21182.0000
2010	重庆市	7925.5800	266.3800	8.6000	55.0000	36.4000	27596.0000
2010	天津市	9224.4600	377.5900	1.6000	52.5000	46.0000	72994.0000
2010	河南省	23092.3600	773.2300	14.1000	57.3000	28.6000	24446.0000
2009	江苏省	34457.3000	2025.3900	6.6000	53.9000	39.6000	44744.0000
2009	浙江省	22990.3500	1316.8300	5.1000	51.8000	43.1000	44641.0000
2009	安徽省	10062.8200	497.9400	14.9000	48.7000	36.4000	16408.0000
2009	福建省	12236.5300	656.6100	9.7000	49.1000	41.3000	33840.0000
2009	江西省	7655.1800	305.9000	14.4000	51.2000	34.4000	17335.0000
2009	山东省	33896.6500	1329.5900	9.5000	55.8000	34.7000	35894.0000
2009	河南省	19480.4600	622.9800	14.2000	56.5000	29.3000	20597.0000
2009	湖北省	12961.1000	546.1100	13.9000	46.6000	39.6000	22677.0000
2009	湖南省	13059.6900	400.1100	15.1000	43.5000	41.4000	20428.0000
2009	广东省	39482.5600	2470.6300	5.1000	49.2000	45.7000	41166.0000
2009	广西壮族自治区	7759.1600	348.9800	18.8000	43.6000	37.6000	16045.0000
2009	海南省	1654.2100	121.7600	27.9000	26.8000	45.3000	19254.0000
2009	重庆市	6530.0100	229.0900	9.3000	52.8000	37.9000	22920.0000
2009	四川省	14151.2800	548.1400	15.8000	47.4000	36.7000	17339.0000
2009	贵州省	3912.6800	136.1500	14.1000	37.7000	48.2000	10309.0000
2009	云南省	6169.7500	205.1400	17.3000	41.9000	40.8000	13539.0000
2009	西藏自治区	441.3600	13.2800	14.5000	31.0000	54.6000	15295.0000
2009	陕西省	8169.8000	239.9200	9.7000	51.9000	38.5000	21688.0000
2009	甘肃省	3387.5600	101.3700	14.7000	45.1000	40.2000	12872.0000
2009	青海省	1081.2700	23.0500	9.9000	53.2000	36.9000	19454.0000
2009	宁夏回族自治区	1353.3100	47.5600	9.4000	48.9000	41.7000	21777.0000
2009	新疆维吾尔自治区	4277.0500	115.2300	17.8000	45.1000	37.1000	19942.0000
2009	北京市	12153.0300	1062.4700	1.0000	23.5000	75.5000	70452.0000
2009	天津市	7521.8500	308.7300	1.7000	53.0000	45.3000	62574.0000
2009	河北省	17235.4800	612.4000	12.8000	52.0000	35.2000	24581.0000
2009	山西省	7358.3100	173.3100	6.5000	54.3000	39.2000	21522.0000
2009	内蒙古自治区	9740.2500	286.6500	9.5000	52.5000	38.0000	40282.0000
2009	辽宁省	15212.4900	605.2700	9.3000	52.0000	38.7000	35239.0000
2009	吉林省	7278.7500	200.1400	13.5000	48.7000	37.9000	26595.0000
2009	黑龙江省	8587.0000	301.1800	13.4000	47.3000	39.3000	22447.0000
2009	上海市	15046.4500	1237.5600	.8000	39.9000	59.4000	78989.0000
2009	中国	348517.7000	18966.9000	9.6000	46.0000	44.4000	26180.0000
2008	中国	319244.6000	14738.7000	10.2000	47.0000	42.9000	24100.0000
2008	北京市	11115.0000	610.8400	1.1000	25.7000	73.2000	63029.0000
2008	天津市	6719.0100	202.3800	1.9000	60.1000	37.9000	55473.0000
2008	河北省	16011.9700	435.8700	12.6000	54.2000	33.2000	23239.0000
2008	山西省	7315.4000	168.9900	4.4000	61.5000	34.2000	20398.0000
2008	内蒙古自治区	8496.2000	167.5800	11.7000	55.0000	33.3000	32214.0000
2008	辽宁省	13668.5800	416.2100	9.7000	55.8000	34.5000	31259.0000
2008	吉林省	6426.1000	181.3500	14.3000	47.7000	38.0000	23514.0000
2008	黑龙江省	8314.3700	249.8600	13.1000	52.5000	34.4000	21727.0000
2008	上海市	14069.8600	747.0000	.8000	45.5000	53.7000	73124.0000
2008	江苏省	30981.9800	1220.9800	6.9000	55.0000	38.1000	39622.0000
2008	浙江省	21462.6900	1082.9800	5.1000	53.9000	41.0000	42214.0000
2008	安徽省	8851.6600	342.7200	16.0000	46.6000	37.4000	14485.0000
2008	福建省	10823.0100	466.7500	10.7000	50.0000	39.3000	30123.0000
2008	江西省	6971.0500	190.6500	16.4000	52.7000	30.9000	14781.0000
2008	山东省	30933.2800	1043.9200	9.7000	57.0000	33.4000	33083.0000
2008	河南省	18018.5300	484.1100	14.4000	56.9000	28.6000	19593.0000
2008	湖北省	11328.8900	421.3300	15.7000	43.8000	40.5000	19860.0000
2008	湖南省	11555.0000	387.0800	18.0000	44.2000	37.8000	17521.0000
2008	广东省	36796.7100	2209.7800	5.5000	51.6000	42.9000	37589.0000
2008	广西壮族自治区	7021.0000	280.6000	20.3000	42.4000	37.4000	14966.0000
2008	海南省	1503.0600	57.3100	30.0000	29.8000	40.2000	17175.0000
2008	重庆市	5793.6600	191.2100	11.3000	47.7000	41.0000	18025.0000
2008	四川省	12601.2300	388.4200	18.9000	46.3000	34.8000	15378.0000
2008	贵州省	3561.5600	123.2300	16.4000	42.3000	41.3000	8824.0000
2008	云南省	5692.1200	219.2700	17.9000	43.0000	39.1000	12587.0000
2008	西藏自治区	394.8500	31.7000	15.3000	29.2000	55.5000	13861.0000
2008	陕西省	7314.5800	159.8100	11.0000	56.1000	32.9000	18246.0000
2008	甘肃省	3166.8200	93.8000	14.6000	46.3000	39.1000	12110.0000
2008	青海省	1018.6200	21.4800	11.0000	55.1000	34.0000	17389.0000
2008	宁夏回族自治区	1203.9200	32.5700	10.9000	52.9000	36.2000	17892.0000
2008	新疆维吾尔自治区	4183.2100	94.4900	16.4000	49.6000	33.9000	19893.0000
2007	重庆市	4676.1300	196.0600	11.7000	45.9000	42.4000	14660.0000
2007	上海市	12494.0100	806.7900	.8000	46.6000	52.6000	66367.0000
2007	天津市	5252.7600	189.4200	2.2000	57.3000	40.5000	46122.0000
2007	北京市	9846.8100	644.2400	1.1000	26.8000	72.1000	58204.0000
2007	中国	270092.3000	13809.7000	10.2000	46.9000	42.9000	20494.0000
2007	湖南省	9439.6000	332.6200	17.7000	42.6000	39.8000	14492.0000
2007	宁夏回族自治区	919.1100	28.0700	11.0000	50.8000	38.2000	14649.0000
2007	浙江省	18753.7300	1004.6200	5.3000	54.0000	40.7000	37411.0000
2007	海南省	1254.1700	45.7800	29.5000	29.8000	40.7000	14555.0000
2007	贵州省	2884.1100	105.2200	16.3000	41.9000	41.8000	6915.0000
2007	河南省	15012.4600	447.4400	14.8000	55.2000	30.1000	16012.0000
2007	江苏省	26018.4800	1132.3200	7.1000	55.6000	37.4000	33928.0000
2007	内蒙古自治区	6423.1800	148.0400	12.5000	51.8000	35.7000	25393.0000
2007	福建省	9248.5300	481.3300	10.8000	49.2000	40.0000	25908.0000
2007	西藏自治区	341.4300	12.1900	16.0000	28.8000	55.2000	12109.0000
2007	山东省	25776.9100	935.5500	9.7000	56.9000	33.4000	27807.0000
2007	安徽省	7360.9200	294.9900	16.3000	44.7000	39.0000	12045.0000
2007	河北省	13607.3200	409.6400	13.2000	52.8000	34.0000	19877.0000
2007	广西壮族自治区	5823.4100	239.4500	20.8000	40.7000	38.4000	12555.0000
2007	黑龙江省	7104.0000	226.6000	13.0000	52.3000	34.7000	18478.0000
2007	山西省	6024.4500	135.8900	4.7000	60.0000	35.3000	16945.0000
2007	青海省	797.3500	17.9600	10.6000	53.3000	36.0000	14257.0000
2007	四川省	10562.3900	396.8400	19.3000	44.2000	36.5000	12893.0000
2007	广东省	31777.0100	2141.4700	5.5000	51.3000	43.3000	33151.0000
2007	陕西省	5757.2900	138.9500	10.8000	54.2000	34.9000	14607.0000
2007	甘肃省	2702.4000	83.5200	14.3000	47.3000	38.4000	10346.0000
2007	江西省	5800.2500	189.3500	16.5000	51.7000	31.9000	12633.0000
2007	湖北省	9333.4000	379.6500	14.9000	43.0000	42.1000	16206.0000
2007	云南省	4772.5200	192.1200	17.7000	43.3000	39.1000	10540.0000
2007	新疆维吾尔自治区	3523.1600	91.2800	17.8000	46.8000	35.4000	16999.0000
2007	吉林省	5284.6900	153.0300	14.8000	46.8000	38.3000	19383.0000
2007	辽宁省	11164.3000	360.8100	10.3000	53.1000	36.6000	25729.0000
2006	黑龙江省	6211.8000	195.2400	11.9000	54.4000	33.7000	16195.0000
2006	广东省	26587.7600	1784.6800	6.0000	51.3000	42.7000	28332.0000
2006	甘肃省	2276.7000	73.2100	14.7000	45.8000	39.5000	8757.0000
2006	广西壮族自治区	4746.1600	192.2000	21.4000	38.9000	39.7000	10296.0000
2006	新疆维吾尔自治区	3045.2600	68.9000	17.3000	48.0000	34.7000	15000.0000
2006	江西省	4820.5300	171.0600	16.8000	49.7000	33.5000	10798.0000
2006	福建省	7583.8500	415.1000	11.8000	49.1000	39.1000	21471.0000
2006	四川省	8690.2400	336.1800	18.5000	43.7000	37.8000	10546.0000
2006	内蒙古自治区	4944.2500	122.3200	13.6000	48.6000	37.8000	20053.0000
2006	安徽省	6112.5000	247.7600	16.7000	43.1000	40.2000	10055.0000
2006	青海省	648.5000	15.8600	10.9000	51.6000	37.5000	11762.0000
2006	湖北省	7617.4700	264.7300	15.0000	44.4000	40.6000	13296.0000
2006	宁夏回族自治区	725.9000	24.7000	11.2000	49.2000	39.6000	11847.0000
2006	山西省	4878.6100	118.0600	5.8000	57.8000	36.4000	14123.0000
2006	山东省	21900.1900	779.7000	9.7000	57.7000	32.6000	23794.0000
2006	浙江省	15718.4700	807.5200	5.9000	54.0000	40.1000	31874.0000
2006	海南省	1044.9100	34.4100	32.7000	27.4000	39.9000	12654.0000
2006	河北省	11467.6000	354.6000	13.8000	52.4000	33.8000	16962.0000
2006	云南省	3988.1400	168.6400	18.7000	42.8000	38.5000	8970.0000
2006	吉林省	4275.1200	131.0100	15.7000	44.8000	39.5000	15720.0000
2006	河南省	12362.7900	348.7000	16.4000	53.8000	29.8000	13313.0000
2006	重庆市	3907.2300	158.2000	12.2000	43.0000	44.8000	12457.0000
2006	西藏自治区	290.7600	11.7600	17.5000	27.5000	55.0000	10430.0000
2006	贵州省	2338.9800	87.0000	17.2000	43.0000	39.8000	5787.0000
2006	湖南省	7688.6700	268.5200	17.6000	41.6000	40.8000	11950.0000
2006	陕西省	4743.6100	117.3400	10.8000	53.9000	35.3000	12138.0000
2006	江苏省	21742.0500	914.7800	7.1000	56.6000	36.3000	28814.0000
2006	辽宁省	9304.5200	294.7000	10.6000	51.1000	38.3000	21788.0000
2006	中国	219438.5000	10370.5000	10.6000	47.6000	41.8000	16738.0000
2006	上海市	10572.2400	688.1000	.9000	48.5000	50.6000	57695.0000
2006	天津市	4462.7400	160.7200	2.7000	57.1000	40.2000	41163.0000
2006	北京市	8117.7800	559.8200	1.3000	27.8000	70.9000	50467.0000
2005	重庆市	3467.7200	143.8800	15.1000	41.0000	43.9000	10982.0000
2005	天津市	3905.6400	128.7700	3.0000	55.5000	41.5000	35783.1885
2005	中国	187318.9000	8516.4000	11.6000	47.0000	41.3000	14368.0000
2005	河北省	10012.1100	291.5100	14.9000	51.8000	33.3000	14782.2597
2005	浙江省	13417.6800	695.8200	6.6000	53.4000	40.0000	27702.6847
2005	宁夏回族自治区	612.6100	22.6100	11.9000	46.4000	41.7000	10239.0000
2005	甘肃省	1933.9800	63.7800	15.9000	43.4000	40.7000	7476.5293
2005	内蒙古自治区	3905.0300	98.3200	15.1000	45.5000	39.4000	16330.8187
2005	江西省	4056.7600	171.8800	17.9000	47.3000	34.8000	9440.0000
2005	安徽省	5350.1700	219.1900	18.0000	41.3000	40.7000	8675.1448
2005	陕西省	3933.7200	105.5300	11.9000	50.3000	37.8000	9899.0000
2005	上海市	9247.6600	676.1200	.9000	48.6000	50.5000	51474.0000
2005	江苏省	18598.6900	731.0100	8.0000	56.6000	35.4000	24560.0000
2005	山东省	18366.8700	653.6600	10.6000	57.4000	32.0000	20096.4547
2005	吉林省	3620.2700	112.2900	17.3000	43.6000	39.1000	13348.0000
2005	广西壮族自治区	3984.1000	164.2600	22.4000	37.1000	40.5000	8787.7290
2005	黑龙江省	5513.7000	163.4700	12.4000	53.9000	33.7000	14434.0561
2005	福建省	6554.6900	321.7400	12.8000	48.7000	38.5000	18645.8416
2005	辽宁省	8047.2600	243.9900	11.0000	49.4000	39.6000	18983.2013
2005	四川省	7385.1000	286.2300	20.1000	41.5000	38.4000	9060.0000
2005	新疆维吾尔自治区	2604.1900	55.7900	19.6000	44.7000	35.7000	13108.0000
2005	北京市	6969.5200	455.3100	1.4000	29.5000	69.1000	45443.6929
2005	河南省	10587.4200	298.1900	17.9000	52.1000	30.0000	11346.4980
2005	广东省	22557.3700	1456.1400	6.4000	50.7000	42.9000	24435.0156
2005	西藏自治区	248.8000	9.9300	19.1000	25.3000	55.6000	9114.0000
2005	云南省	3461.7300	143.8700	19.3000	41.2000	39.5000	7835.0000
2005	海南省	897.9900	33.6100	33.6000	24.6000	41.8000	10871.0000
2005	山西省	4230.5300	106.4800	6.3000	56.3000	37.4000	12495.0000
2005	湖南省	6596.1000	234.9300	19.6000	39.9000	40.5000	10426.0000
2005	青海省	543.3200	14.1000	12.0000	48.7000	39.3000	10044.7403
2005	湖北省	6590.1900	217.1700	16.6000	43.1000	40.3000	11431.0000
2005	贵州省	2005.4200	79.5300	18.6000	41.8000	39.6000	5051.9600
2004	重庆市	2692.8100	98.4200	16.1822	44.3177	39.5000	9608.0000
2004	青海省	466.1000	6.3800	12.4128	48.7536	38.8337	8606.0000
2004	安徽省	4759.3200	193.3500	19.3742	45.0855	35.5403	7768.0000
2004	海南省	798.9000	14.5600	36.8930	23.4494	39.6576	9450.0000
2004	四川省	6379.6300	211.0236	21.2669	41.0310	37.7022	8113.0000
2004	湖南省	5641.9400	154.6600	20.5951	39.4567	39.9483	9117.0000
2004	山西省	3571.3700	42.2800	8.3279	59.4949	32.1771	9150.0000
2004	广西壮族自治区	3433.5000	95.6900	24.4384	38.8018	36.7597	7196.0000
2004	新疆维吾尔自治区	2209.0900	26.9200	20.2123	45.9091	33.8786	11199.0000
2004	湖北省	5633.2400	169.3200	16.1664	47.4597	36.3738	10500.0000
2004	黑龙江省	4750.6000	134.6044	11.0835	59.5008	29.4157	13897.0000
2004	云南省	3081.9100	98.1900	20.4201	44.4061	35.1737	6733.0000
2004	甘肃省	1688.4900	38.0400	18.0508	48.6346	33.3145	5970.0000
2004	吉林省	3122.0100	67.3200	18.9628	46.6265	34.4107	10932.0000
2004	上海市	8072.8300	644.1200	1.2981	50.8467	47.8552	55307.0000
2004	内蒙古自治区	3041.0700	27.7807	18.6599	49.1311	32.2091	11305.0000
2004	福建省	5763.3500	176.7000	12.8507	48.7405	38.4088	17218.0000
2004	河南省	8553.7900	217.0600	18.6893	51.2230	30.0877	9470.0000
2004	广东省	18864.6200	824.6600	7.7647	55.4276	36.8077	19707.0000
2004	浙江省	11648.7000	288.2900	7.2578	53.7668	38.9754	23942.0000
2004	江苏省	15003.6000	659.4000	8.5397	56.5865	34.8739	20705.0000
2004	辽宁省	6672.0000	206.1344	11.2023	47.7092	41.0885	16297.0000
2004	贵州省	1677.8000	41.2400	20.9881	44.8935	34.1183	4215.0000
2004	陕西省	3175.5800	122.4900	13.6979	49.1353	37.1669	7757.0000
2004	江西省	3456.7000	174.7400	20.3579	45.6455	33.9966	8189.0000
2004	山东省	15021.8400	563.6500	11.4798	56.3209	32.1993	16925.0000
2004	河北省	8477.6300	154.3800	15.6282	52.8605	31.5113	12918.0000
2004	宁夏回族自治区	537.1600	10.0500	14.2000	52.0083	33.8438	7880.0000
2004	西藏自治区	220.3400	4.7000	20.5000	27.2000	52.3000	7779.0000
2004	中国	161840.2000	7174.1000	12.9000	45.9000	41.2000	12487.0000
2004	北京市	6060.2800	228.4400	2.4023	37.5964	60.0013	37058.0000
2004	天津市	3110.9700	146.5100	3.4889	53.2136	43.2975	31550.0000
2003	上海市	6694.2300	463.9300	1.4501	50.0850	48.4000	46718.0000
2003	重庆市	2272.8200	87.7900	15.0000	43.4247	41.6296	7209.0000
2003	北京市	5023.7700	190.5500	2.6109	35.8128	61.5763	32061.0000
2003	中国	137422.0000	6172.7000	12.3000	45.6000	42.0000	10666.0000
2003	吉林省	2662.0800	66.0900	19.3014	45.3255	35.3731	9338.0000
2003	黑龙江省	4057.4000	123.2400	11.3047	57.1659	31.5293	11615.1000
2003	陕西省	2587.7200	117.3700	13.3425	47.2596	39.3979	6480.0000
2003	河北省	6921.2900	136.8500	14.9936	51.5202	33.4862	10513.2390
2003	湖北省	4757.4500	148.9500	14.7796	47.7734	37.4470	9010.7000
2003	甘肃省	1399.8300	33.4000	18.1366	46.5752	35.2882	5021.6324
2003	湖南省	4659.9900	137.7100	19.1102	38.6789	42.2109	7554.0000
2003	辽宁省	6002.5400	188.4900	10.2590	48.2944	41.4466	14257.8147
2003	浙江省	9705.0200	238.5000	7.7488	52.5918	39.6594	20147.0000
2003	广西壮族自治区	2821.1100	81.6700	23.8482	36.8524	39.2994	5969.0000
2003	江苏省	12442.8700	549.5000	8.8786	54.4676	36.6000	16809.0000
2003	广东省	15844.6400	731.5729	8.0253	53.6265	38.4000	17213.0699
2003	贵州省	1426.3400	38.8500	22.0019	42.7185	35.2796	3603.0000
2003	宁夏回族自治区	445.3600	8.6600	14.4029	49.8261	35.7710	6691.0000
2003	山东省	12078.1500	490.8800	11.9064	53.5292	34.5644	13661.0000
2003	内蒙古自治区	2388.3800	24.9200	19.5357	45.2906	35.1737	8974.6459
2003	江西省	2807.4100	138.0200	19.7848	43.3633	36.8000	6678.0000
2003	西藏自治区	189.0900	4.3500	22.0163	26.0108	51.9729	6871.0000
2003	海南省	693.2000	12.4500	37.0128	22.5299	40.4573	8316.0000
2003	四川省	5333.0900	187.3600	20.6845	41.5309	37.7846	6418.0000
2003	云南省	2556.0200	90.0400	20.3968	43.3738	36.2294	5662.0000
2003	福建省	4983.6700	158.2100	13.3000	47.6424	39.1138	14979.0000
2003	河南省	6867.7000	201.1700	17.5879	50.3922	32.0199	7570.1751
2003	山西省	2855.2300	37.4500	8.7597	56.5552	34.6851	7435.0000
2003	新疆维吾尔自治区	1886.3500	24.6700	21.9907	42.4391	35.5702	9700.0000
2003	青海省	390.2000	5.9400	11.8270	47.2207	40.9523	7277.0000
2003	安徽省	3923.1000	166.6600	18.5000	44.8245	36.7279	6455.0000
2003	天津市	2578.0300	125.4300	3.6000	50.8768	45.4602	26532.0369
2002	福建省	4467.5500	142.1700	14.2000	46.1000	39.7000	13497.0000
2002	四川省	4725.0134	147.0200	21.1000	40.7000	38.2000	5766.0000
2002	安徽省	3519.7195	142.3100	21.6000	43.5000	34.9000	5817.0000
2002	河南省	6035.4800	185.6000	20.9000	47.8000	31.3000	6436.0000
2002	甘肃省	1232.0302	29.9100	18.4000	45.7000	35.9000	4493.0000
2002	湖南省	4151.5400	125.4600	19.5000	40.0000	40.5000	6565.0000
2002	湖北省	4212.8200	124.2300	14.2000	49.2000	36.6000	8319.0000
2002	江西省	2450.4800	125.2700	21.9000	38.8000	39.3000	5829.0000
2002	吉林省	2348.5400	60.0200	19.9000	43.5000	36.6000	8334.0000
2002	山东省	10275.4957	429.3200	13.2000	50.3000	36.5000	11645.0000
2002	黑龙江省	3637.2000	115.8900	11.6000	55.6000	32.8000	10184.0000
2002	宁夏回族自治区	377.1552	7.3500	16.1000	45.9000	38.0000	5804.0000
2002	辽宁省	5458.2200	130.9400	10.8000	47.8000	41.4000	12986.0000
2002	新疆维吾尔自治区	1612.6500	22.7900	19.1000	42.1000	38.8000	8382.0000
2002	青海省	340.6500	5.3800	13.2000	45.1000	41.7000	6426.0000
2002	海南省	621.9740	11.0700	37.9000	20.7000	41.4000	7803.0000
2002	浙江省	8003.6700	186.8300	8.9000	51.1000	40.0000	16838.0000
2002	内蒙古自治区	1940.9400	22.7900	21.6000	42.0000	36.4000	7241.0000
2002	广东省	13502.4249	633.8700	8.8000	50.4000	40.8000	15030.0000
2002	山西省	2324.8000	33.5000	9.8000	53.7000	36.5000	6146.0000
2002	西藏自治区	166.5583	3.4200	24.6000	20.4000	55.0000	6093.0000
2002	陕西省	2253.3900	58.3300	14.9000	45.5000	39.6000	5523.0000
2002	云南省	2312.8200	84.1100	21.1000	42.6000	36.3000	5179.0000
2002	河北省	6018.2800	115.1600	15.6000	49.8000	34.6000	9115.0000
2002	江苏省	10606.8500	456.5600	10.5000	52.2000	37.3000	14391.0000
2002	中国	121717.4000	5346.4000	13.3000	44.5000	42.2000	9506.0000
2002	广西壮族自治区	2523.7300	69.4300	24.3000	35.2000	40.5000	5099.0000
2002	贵州省	1243.4300	37.2200	23.7000	40.1000	36.2000	3153.0000
2002	天津市	2150.7600	97.6600	4.1000	48.8500	47.0600	22380.0000
2002	重庆市	1990.0100	70.9000	16.0200	41.9800	42.0000	6347.0000
2002	北京市	4330.4000	163.1200	3.0500	34.7500	62.1900	28449.0000
2002	上海市	5741.0300	373.6300	1.6300	47.4200	50.9500	40646.0000
2001	北京市	3710.5200	111.0300	3.3000	36.2000	60.5000	25523.0000
2001	上海市	5210.1200	316.8500	1.7000	47.6000	50.7000	37382.0000
2001	重庆市	1765.6800	60.4700	16.7000	41.6000	41.7000	5654.0000
2001	天津市	1919.0900	85.6100	4.2688	49.1625	46.5687	20154.4359
2001	中国	110863.1000	4715.1000	14.0000	44.8000	41.2000	8717.0000
2001	海南省	558.4137	10.1200	37.0000	20.4000	42.7000	7135.0000
2001	湖南省	3831.9000	108.0000	20.7000	39.5000	39.8000	6054.0000
2001	内蒙古自治区	1713.8100	21.0200	23.2173	40.5275	36.2552	6462.5219
2001	黑龙江省	3390.1300	108.1600	11.4940	56.1286	32.3774	9348.9105
2001	陕西省	2010.6200	41.4800	15.6000	44.3000	40.2000	5024.0000
2001	西藏自治区	146.0352	2.5500	27.0000	23.2000	49.8000	5307.0000
2001	河北省	5516.7600	106.8000	16.4000	49.6000	34.0000	8362.0000
2001	云南省	2138.3100	79.5700	21.7000	42.5000	35.8000	4866.0000
2001	山东省	9195.0360	376.2600	14.4000	49.3000	36.3000	10465.0000
2001	辽宁省	5033.0800	114.9600	10.8172	48.4902	40.6926	12040.8612
2001	新疆维吾尔自治区	1491.6000	19.1900	19.4000	42.4000	38.2000	7913.0000
2001	湖北省	3880.5300	106.4600	14.8000	49.6000	35.5000	7813.0700
2001	福建省	4072.8500	128.5200	15.3000	44.8000	39.9000	12362.0000
2001	安徽省	3246.7146	126.4400	22.7976	43.0171	34.1853	5220.7712
2001	山西省	2029.5300	31.0000	9.6000	51.6000	38.8000	5460.0000
2001	甘肃省	1125.3728	27.4400	19.3052	44.8546	35.8402	4163.3574
2001	四川省	4293.4910	131.5500	22.2000	39.7000	38.1000	5250.0000
2001	江苏省	9456.8400	393.7500	11.4000	51.6000	37.0000	12922.0000
2001	宁夏回族自治区	337.4447	7.6500	16.6000	45.0000	38.4000	5340.0000
2001	河南省	5533.0100	171.7100	21.8850	47.1452	31.0028	5923.5520
2001	浙江省	6898.3388	146.3100	10.3000	51.3000	38.4000	14655.0000
2001	青海省	300.1300	4.3400	14.2183	43.9209	41.8608	5734.5655
2001	广东省	12039.2536	559.6555	9.4325	50.1667	40.4007	13729.9286
2001	吉林省	2120.3500	49.6200	20.1281	43.3382	36.5337	7640.0119
2001	贵州省	1133.2700	33.1900	25.2715	38.6893	36.0393	2895.2902
2001	广西壮族自治区	2279.3400	60.8300	25.2000	35.5000	39.3000	4668.0000
2001	江西省	2175.6800	114.8400	23.3000	36.2000	40.5000	5221.0000
2000	河南省	5137.6600	154.7100	22.6091	46.9821	30.4088	5443.8781
2000	上海市	4551.1500	251.7000	1.8281	47.5414	50.6305	34546.9796
2000	青海省	263.5900	4.0600	14.6174	43.2490	42.1336	5087.1369
2000	内蒙古自治区	1401.0100	17.6300	25.0391	39.7056	35.2553	5871.7938
2000	安徽省	3038.2359	114.2922	24.0992	42.6666	33.2342	4867.4077
2000	云南省	1955.0900	71.0900	22.3141	43.1305	34.5554	4636.6504
2000	甘肃省	983.3600	24.7700	19.6632	44.7323	35.6045	3838.2514
2000	宁夏回族自治区	265.5700	5.4600	17.3024	45.2009	37.4967	4839.1035
2000	江西省	2003.0700	89.7600	24.2198	34.9843	40.7959	4851.2583
2000	陕西省	1660.9200	35.8500	16.8051	44.0659	39.1289	4549.2194
2000	湖北省	4276.3200	87.7500	15.4876	49.6619	34.8505	7188.2764
2000	海南省	518.4800	9.3200	37.9108	19.7597	42.3295	6893.9475
2000	浙江省	6036.3400	116.9000	11.0027	52.7384	36.2589	13460.9329
2000	新疆维吾尔自治区	1364.3600	15.0000	21.1220	43.0121	35.8659	7469.8056
2000	山东省	8542.4400	309.9900	14.8502	49.6860	35.4638	9555.2379
2000	福建省	3920.0700	118.0200	16.3408	43.6513	40.0080	11601.2726
2000	河北省	5088.9600	99.5300	16.2027	50.3042	33.4931	7662.7577
2000	山西省	1643.8100	29.3900	10.9417	50.3458	38.7125	5137.0507
2000	广东省	9662.2300	515.5200	10.3502	50.3895	39.2603	12885.3958
2000	黑龙江省	3253.0000	104.7000	10.9745	57.4408	31.5847	8561.6528
2000	辽宁省	4669.0600	103.5600	10.7825	50.2114	39.0061	11226.4006
2000	西藏自治区	117.4640	2.1800	30.9201	23.1679	45.9119	4558.6991
2000	广西壮族自治区	2050.1400	46.1200	26.2758	36.4853	37.2389	4318.8119
2000	吉林省	1821.1900	45.8300	21.8939	43.9427	34.1634	6847.4027
2000	江苏省	8582.7276	351.9220	12.0145	51.6839	36.3016	11772.9659
2000	四川省	4010.2500	105.4900	23.5791	42.4036	34.0173	4783.7658
2000	中国	100280.1000	4149.1000	14.7000	45.5000	39.8000	7942.0000
2000	天津市	1639.3600	69.3500	4.4859	50.0299	45.4842	17993.1950
2000	湖南省	3691.8800	97.1400	21.2607	39.5966	39.1427	5639.0149
2000	贵州省	993.5300	27.5800	27.2755	39.0376	33.6870	2661.5571
2000	北京市	2478.7600	77.3700	3.6296	38.0638	58.3066	22459.6566
2000	重庆市	1589.3400	51.9200	17.8061	41.3700	40.8239	5157.3147
1999	重庆市	1479.7100	40.6800	19.2119	40.8452	39.9430	4826.1747
1999	北京市	2174.4600	69.4500	4.0231	38.7000	57.3361	19846.3013
1999	上海市	4034.9600	210.5300	1.9827	48.4263	49.5911	30804.7486
1999	天津市	1450.0600	47.2300	4.8970	49.0966	46.0064	15976.3340
1999	中国	90564.4000	3681.8000	16.1000	45.4000	38.6000	7229.0000
1999	山东省	7662.1000	283.3100	15.9356	48.3606	35.7038	8673.4700
1999	广东省	8464.3100	426.6600	12.0660	50.3800	37.5540	11728.2943
1999	内蒙古自治区	1268.2000	14.7500	27.0391	40.6450	32.3159	5350.1519
1999	海南省	471.2300	8.5400	37.4382	20.1494	42.4124	6382.9816
1999	湖北省	3857.9900	76.2300	16.9516	48.9356	34.1128	6513.9701
1999	河南省	4576.1000	137.1200	24.5436	45.2543	30.2021	4893.7012
1999	江西省	1853.6500	76.3100	23.6579	38.6224	37.7197	4661.3451
1999	吉林省	1660.9100	34.0800	25.3648	40.2346	34.4007	6340.8317
1999	四川省	3711.6100	93.1700	25.3534	41.9408	32.7058	4451.9037
1999	山西省	1506.7800	26.0600	10.6160	50.4865	38.8975	4726.5302
1999	福建省	3550.2400	103.9500	17.7132	42.4560	39.8308	10796.8773
1999	陕西省	1487.6100	28.5100	17.9825	43.1498	38.8677	4101.4888
1999	西藏自治区	105.6100	.3400	32.3738	22.7251	44.9011	4261.7328
1999	青海省	238.3900	3.5600	17.0057	41.0588	41.9355	4662.4291
1999	贵州省	911.8600	18.6000	29.3433	38.2285	32.4282	2475.3042
1999	甘肃省	931.9800	21.4800	20.5165	45.4720	34.0115	3667.7686
1999	辽宁省	4171.6900	89.6200	12.4841	47.9777	39.5382	10086.2911
1999	广西壮族自治区	1953.2700	42.6400	28.3873	35.6239	35.9889	4147.9507
1999	湖南省	3326.7500	86.9800	23.3937	39.0092	37.5971	5104.7261
1999	新疆维吾尔自治区	1168.5500	10.2400	22.9780	39.4258	37.5962	6469.7317
1999	黑龙江省	2897.4100	57.6100	13.0196	54.7993	32.1812	7660.0397
1999	宁夏回族自治区	241.4900	4.5900	19.8807	42.5194	37.5999	4472.6168
1999	江苏省	7697.8200	314.8600	13.0363	50.9255	36.1000	10665.0503
1999	安徽省	2908.5800	93.6600	25.4811	43.9701	30.5488	4707.2224
1999	浙江省	5364.8900	92.8700	11.7792	54.1075	34.1133	12036.5659
1999	云南省	1855.7400	54.4700	22.2105	44.4631	33.3263	4452.2444
1999	河北省	4569.1900	85.7100	17.6392	49.1026	33.2582	6931.9637
1998	辽宁省	3881.7300	123.7800	13.7000	47.8000	38.5000	9415.0000
1998	西藏自治区	91.1800	1.6900	34.3000	22.2000	43.5000	3666.0000
1998	四川省	3580.2600	144.4500	26.3000	42.7000	31.1000	4294.0000
1998	贵州省	841.8800	36.4500	31.5000	38.7000	29.8000	2364.0000
1998	山东省	7162.2000	429.8800	17.0000	48.3000	34.8000	7968.0000
1998	重庆市	1429.2600	73.8400	20.9000	41.0000	38.1000	5016.0000
1998	安徽省	2805.4500	85.1000	26.4000	44.7000	29.0000	4235.0000
1998	广东省	7919.1200	268.2000	12.7000	50.4000	36.9000	10819.0000
1998	青海省	220.1600	18.5700	18.9000	40.2000	40.9000	4426.0000
1998	湖北省	3704.2100	180.1400	20.2000	47.3000	32.5000	5287.0000
1998	山西省	1486.0800	96.8400	12.9000	53.5000	33.6000	5104.0000
1998	黑龙江省	2798.8900	115.3200	16.3000	53.2000	30.5000	7375.0000
1998	内蒙古自治区	1192.2900	22.7500	28.7000	40.2000	31.1000	5406.0000
1998	浙江省	4987.5000	172.1900	12.7000	54.3000	33.0000	11394.0000
1998	河南省	4356.6000	139.7600	24.6000	46.2000	29.2000	4643.0000
1998	陕西省	1381.5300	53.1400	20.5000	41.1000	38.4000	4070.0000
1998	河北省	4256.0100	204.2200	18.6000	49.0000	32.5000	6501.0000
1998	吉林省	1557.7800	62.2600	27.6000	38.3000	34.1000	5983.0000
1998	福建省	3286.5600	172.4800	18.3000	43.4000	38.3000	9603.0000
1998	甘肃省	869.7500	50.5500	23.2000	43.9000	32.8000	3541.0000
1998	广西壮族自治区	1903.0400	31.2200	30.2000	35.6000	34.2000	4346.0000
1998	江苏省	7199.9500	381.8100	14.1000	50.6000	35.3000	10049.0000
1998	新疆维吾尔自治区	1116.6700	50.2000	26.1000	38.6000	35.4000	6174.0000
1998	宁夏回族自治区	227.4600	16.5200	21.4000	41.3000	37.3000	4607.0000
1998	湖南省	3118.0900	125.6200	25.8000	40.3000	33.9000	4667.0000
1998	江西省	1851.9800	100.5000	24.3000	40.0000	35.7000	4124.0000
1998	海南省	438.9200	30.1400	37.4000	20.6000	42.0000	5912.0000
1998	云南省	1793.9000	89.8400	22.8000	46.2000	31.1000	4446.0000
1998	中国	85195.5000	3434.5000	17.2000	45.8000	37.0000	6860.0000
1998	上海市	3688.2000	512.2100	2.1000	50.1000	47.8000	24513.0000
1998	北京市	2011.3100	277.6400	4.3000	39.1000	56.6000	19118.0000
1998	天津市	1336.3800	114.8800	5.5000	49.4000	45.1000	14243.0000
1997	天津市	1235.2800	34.2500	6.0000	51.9000	42.1000	13796.0000
1997	重庆市	1350.1000	26.8600	22.6000	41.7000	35.7000	4452.0000
1997	福建省	3000.3600	81.4200	19.2000	43.1000	37.7000	9258.0000
1997	安徽省	2669.9500	65.1300	27.4000	47.2000	25.4000	4390.0000
1997	北京市	1810.0900	41.2400	4.7000	40.8000	54.5000	16735.0000
1997	中国	79715.0000	2921.1000	17.9000	47.1000	35.0000	6481.0000
1997	宁夏回族自治区	210.9200	2.9100	21.2000	41.6000	37.2000	4025.0000
1997	陕西省	1300.0300	14.0700	20.5000	41.9000	37.6000	3707.0000
1997	山东省	6650.0200	239.3700	18.0000	47.9000	34.1000	7590.0000
1997	河南省	4079.2600	118.1100	24.7000	47.1000	28.2000	4430.0000
1997	广东省	7315.5100	303.3600	13.5000	49.9000	36.6000	10428.0000
1997	辽宁省	3582.4600	74.7800	13.9000	50.0000	36.1000	8525.0000
1997	浙江省	4638.2400	67.5100	13.7000	54.1000	32.2000	10515.0000
1997	上海市	3360.2100	147.5100	2.3000	52.2000	45.5000	25750.0000
1997	吉林省	1446.9100	23.8200	25.4000	39.8000	34.8000	5504.0000
1997	江苏省	6680.3400	234.2800	15.1000	51.1000	33.8000	9344.0000
1997	内蒙古自治区	1099.7700	10.7500	29.5000	40.7000	29.8000	4691.0000
1997	四川省	3320.1100	70.1300	27.7000	41.7000	30.6000	4029.0000
1997	河北省	3953.7800	68.3100	19.3000	48.9000	31.8000	6079.0000
1997	新疆维吾尔自治区	1050.1400	7.3700	26.6000	39.4000	34.0000	5904.0000
1997	湖南省	2993.0000	65.7500	28.6000	39.0000	32.4000	4643.0000
1997	山西省	1480.1300	12.3800	13.0000	53.3000	33.7000	4736.0000
1997	湖北省	3450.2400	64.4300	22.2000	46.6000	31.2000	5899.0000
1997	江西省	1715.1800	53.1100	27.7000	38.4000	33.9000	4155.0000
1997	海南省	409.8600	7.1700	36.9000	20.2000	42.9000	5698.0000
1997	贵州省	792.9800	10.3600	34.3000	37.0000	28.7000	2215.0000
1997	黑龙江省	2708.4600	45.5600	17.9000	53.5000	28.6000	7243.0000
1997	甘肃省	781.3400	13.7100	24.3000	43.9000	31.8000	3137.0000
1997	云南省	1644.2300	24.8600	23.8000	45.6000	30.6000	4042.0000
1997	广西壮族自治区	1817.2500	31.3100	31.3000	37.7000	31.0000	4356.0000
1997	青海省	202.0500	2.4900	20.1000	39.0000	40.9000	4066.0000
1997	西藏自治区	76.9800	.1900	37.9000	22.0000	40.1000	3194.0000
1996	河南省	3661.1800	102.9100	25.7970	46.1558	28.0472	3978.0000
1996	青海省	183.5700	2.5500	21.9417	38.0084	40.0445	3799.0000
1996	海南省	389.5300	11.2800	36.2220	20.9197	42.8582	5346.0000
1996	江苏省	6004.2100	178.7900	16.4748	51.1994	32.3258	8471.0000
1996	辽宁省	3157.6900	64.8500	15.0141	48.6968	36.2891	7730.0000
1996	广东省	6519.1400	283.9200	13.6832	48.3910	37.9258	9139.0000
1996	甘肃省	714.1800	12.5500	26.0366	43.1794	30.7839	2946.0000
1996	贵州省	713.7000	8.8600	35.1959	35.2734	29.5307	2048.0000
1996	湖南省	2647.1600	64.0600	31.2575	36.2210	32.5216	3963.0000
1996	广西壮族自治区	1697.9000	28.0800	31.3046	34.5939	34.1021	3706.0000
1996	陕西省	1175.3800	22.5600	20.6096	42.2975	37.0929	3446.0000
1996	新疆维吾尔自治区	912.1500	9.0000	27.6725	34.8196	37.5079	5102.0000
1996	湖北省	2970.2000	62.2300	28.6562	36.9506	34.3932	4311.0000
1996	山西省	1308.0100	13.8100	15.3454	46.4519	38.2026	4177.0000
1996	西藏自治区	64.7600	.3900	41.8590	17.4207	40.7202	2688.0000
1996	黑龙江省	2402.5800	36.4000	18.7387	53.5963	27.6650	6382.0000
1996	安徽省	2339.2500	61.2500	31.9324	35.4498	32.6179	3524.0000
1996	山东省	5960.4200	182.0500	20.3979	47.3179	32.2842	6746.0000
1996	河北省	3452.9700	54.9000	20.2996	48.2081	31.4923	5345.0000
1996	天津市	1102.4000	23.4800	6.0316	54.2904	39.6781	11734.0000
1996	浙江省	4146.0600	105.1000	14.2040	53.2924	32.5038	9552.0000
1996	江西省	1517.2600	37.2300	31.2114	34.1410	34.6475	3452.0000
1996	吉林省	1337.1600	26.2900	27.9190	39.8763	32.2047	5178.0000
1996	四川省	2985.1500	95.6300	26.8145	40.2560	32.9295	3550.0000
1996	内蒙古自治区	984.7800	13.2200	30.5760	35.6538	33.7702	4457.0000
1996	重庆市	1179.0900	25.2200	24.2162	39.9429	35.8409	4130.0000
1996	中国	71813.6000	2617.6000	19.3000	47.1000	33.6000	5898.0000
1996	北京市	1615.7300	34.6300	4.1002	39.9424	55.9574	14254.0000
1996	上海市	2902.2000	127.1000	2.3235	53.9879	43.6885	19779.0000
1996	云南省	1491.6200	25.8200	23.7519	44.0841	32.1640	3779.0000
1996	宁夏回族自治区	193.6200	2.8200	21.3307	39.6944	38.9798	3926.0000
1996	福建省	2583.8300	83.4700	21.6315	41.3260	37.0426	7646.0000
1995	天津市	920.1100	15.1900	6.5238	55.6402	37.8360	9769.0000
1995	北京市	1394.8900	22.4500	4.7861	42.8344	52.3795	12690.0000
1995	重庆市	1016.2500	17.4300	25.9966	40.5688	33.4347	3395.0000
1995	上海市	2462.5700	92.8500	2.3933	56.7893	40.8173	17022.0000
1995	中国	61339.9000	2354.0000	19.6000	46.8000	33.7000	5091.0000
1995	辽宁省	2793.3700	56.3700	14.0402	49.7601	36.1996	6880.0000
1995	安徽省	2003.5800	45.0700	32.2601	36.4558	31.2842	3070.0000
1995	山东省	5002.3400	153.6900	20.3929	47.5593	32.0478	5701.0000
1995	广东省	5381.7200	230.7500	14.5708	48.8824	36.5468	8129.0000
1995	浙江省	3524.7900	89.3100	15.4590	52.1291	32.4119	8149.0000
1995	海南省	364.1700	13.6900	35.4852	21.6050	42.9098	5063.0000
1995	黑龙江省	2014.5300	32.8000	18.6402	52.6564	28.7034	5402.0000
1995	江苏省	5155.2500	134.9500	16.8031	52.6698	30.5271	7319.0000
1995	四川省	3534.0000	80.4100	27.1143	40.1484	32.7373	3043.0000
1995	新疆维吾尔自治区	825.1100	8.8400	29.5404	34.8494	35.6102	4701.0000
1995	山西省	1092.4800	10.0100	15.6771	45.9513	38.3716	3515.0000
1995	青海省	165.3100	1.5800	23.6114	38.4863	37.9023	3513.0000
1995	陕西省	1000.0300	19.0600	20.9548	42.5973	36.4479	2965.0000
1995	河南省	3002.7400	84.3100	25.5320	46.6803	27.7877	3297.0000
1995	河北省	2849.5200	46.0700	22.1560	46.4208	31.4232	4444.0000
1995	内蒙古自治区	832.8800	11.3100	30.3573	36.0278	33.6149	3772.0000
1995	西藏自治区	55.9800	.1600	41.8464	23.5965	34.5571	2358.0000
1995	湖北省	2391.4200	42.0700	29.3816	36.9862	33.6322	3671.0000
1995	甘肃省	553.3500	10.5000	19.8383	46.0467	34.1150	2316.0000
1995	贵州省	630.0700	7.8300	35.7005	36.5477	27.7518	1826.0000
1995	云南省	1206.6800	15.0100	24.7670	43.7573	31.4757	3083.0000
1995	湖南省	2195.7000	44.4300	32.1416	36.1455	31.7129	3359.0000
1995	江西省	1205.1100	29.7800	32.0279	34.5157	33.4564	2896.0000
1995	宁夏回族自治区	169.7500	2.1500	20.2123	42.6223	37.1597	3448.0000
1995	吉林省	1129.2000	21.3000	26.7307	41.7875	31.4818	4402.0000
1995	福建省	2160.5200	71.3700	22.1882	42.1185	35.6934	6526.0000
1995	广西壮族自治区	1497.5600	25.1400	30.0248	35.7822	34.1930	3304.0000
